0
0
0
0
0
0
0
0
0
0
0
0
0
0
0
0
0
0
0
0
0
0
0
0
0
0
0
0
0
0
0
0
0
0
0
0
0
0
0
0
0
0
0
0
0
0
0
0
0
0
0
0
0
0
0
0
0
0
0
0
0
0
0
0
0
0
0
0
0
0
0
0
0
0
0
0
0
0
0
0
0
0
0
0
0
0
0
0
0
0
0
0
0
0
0
0
0
0
0
0
0
0
0
0
0
0
0
0
0
0
0
0
0
0
0
0
0
0
0
0
0
0
0
0
0
0
0
0
0
0
0
0
0
0
0
0
0
0
0
0
0
0
0
0
0
0
0
0
0
0
0
0
0
0
0
0
0
0
0
0
0
0
0
0
0
0
0
0
0
0
0
0
0
0
0
0
0
0
0
0
0
0
0
0
0
0
0
0
0
0
0
0
0
0
0
0
0
0
0
0
0
0
0
0
0
0
0
0
0
0
0
0
0
0
0
0
0
0
0
0
0
0
0
-0.08633
0.512592
1.79677
2.62411
3.67986
4.27879
4.19246
4.33454
4.24821
4.16188
4.30397
4.21764
4.13131
4.2734
4.18707
4.32916
4.24283
4.1565
4.29858
4.21225
4.35434
4.26801
4.18168
4.32377
4.23744
4.15111
4.2932
4.20687
4.34895
4.26262
4.17629
4.31838
4.23205
4.14572
4.28781
4.20148
4.34357
4.25724
4.17091
4.31299
4.22666
4.36875
4.28242
4.19609
4.33818
4.25185
4.16552
4.30761
4.22128
4.36336
4.27703
4.1907
4.33279
4.24646
4.38855
4.30222
4.21589
4.35798
4.27165
4.18532
4.3274
4.24107
4.83999
5.66733
6.72309
6.86518
6.77885
6.92094
6.83461
6.97669
6.89036
6.80403
6.94612
6.85979
7.00188
6.91555
6.82922
6.97131
6.88498
6.79865
6.94073
6.8544
6.99649
6.91016
6.82383
6.96592
6.87959
6.79326
6.93535
6.84902
6.9911
6.90477
6.81844
6.96053
6.64578
5.64578
4.64578
3.64578
2.64578
1.64578
1.10262
1.01629
1.15838
1.07205
1.21413
1.1278
1.04147
1.18356
1.09723
1.0109
1.15299
1.06666
1.20875
1.12242
1.03609
1.17817
1.09184
1.23393
1.1476
1.06127
1.20336
1.11703
1.0307
1.17279
1.08646
1.22854
1.14221
1.05588
1.19797
1.79689
2.62423
3.90841
4.73575
5.33467
5.47676
5.39043
5.53251
5.44618
5.35985
5.50194
5.41561
5.5577
5.47137
5.38504
5.52713
5.4408
5.35447
5.49655
5.41022
5.55231
5.46598
5.37965
5.52174
5.43541
5.34908
5.49117
5.40484
5.54692
5.46059
5.37426
5.51635
5.43002
5.57211
5.48578
5.39945
4.39945
3.39945
3.0847
2.99837
3.14046
3.05413
2.9678
3.10989
3.02356
3.16564
3.07931
2.99298
3.13507
3.04874
2.96241
3.1045
3.01817
3.16026
3.07393
2.9876
3.12968
3.04335
3.18544
3.09911
3.01278
3.38329
4.21063
5.26638
5.63689
5.77898
5.69265
5.60631
5.7484
5.66207
5.80416
5.71783
5.6315
5.77359
5.68726
5.60093
5.74301
5.65668
5.79877
5.71244
5.62611
5.7682
5.68187
5.59554
5.73763
5.6513
5.79338
5.70705
5.62072
5.76281
5.67648
5.81857
5.73224
5.64591
5.788
5.70167
5.61534
5.75742
5.67109
5.58476
5.0416
4.95527
5.09736
5.01103
4.9247
5.06678
4.98045
5.12254
5.03621
4.94988
5.09197
5.00564
4.91931
5.0614
4.97507
5.11715
5.03082
4.94449
5.08658
5.00025
5.14234
5.05601
4.96968
5.11177
5.02544
4.93911
5.08119
4.99486
5.8222
6.87796
7.7053
8.98948
9.35998
9.27365
9.41574
9.32941
9.24308
9.38516
9.29883
9.44092
9.35459
9.26826
9.41035
9.32402
9.23769
9.37978
9.29345
9.43553
9.3492
9.26287
9.40496
9.31863
9.46072
9.37439
9.28806
9.43015
9.34382
9.25749
9.39957
9.31324
9.45533
9.369
9.28267
9.42476
9.33843
9.48052
9.39419
9.30786
9.44994
9.36361
9.27728
9.41937
9.33304
9.47513
9.3888
9.30247
9.44456
9.35823
9.2719
9.41398
9.32765
9.46974
9.38341
9.29708
9.43917
9.35284
9.49493
9.4086
9.32227
9.69277
10.5201
11.5759
11.9464
12.0885
12.0021
11.9158
12.0579
11.9716
11.8852
12.0273
11.941
12.0831
11.9967
11.9104
12.0525
11.9662
12.1083
12.0219
11.9356
12.0777
11.9914
11.905
12.0471
11.9608
12.1029
12.0165
11.9302
12.0723
11.986
11.8996
12.0417
11.727
10.727
9.72698
8.72698
7.72698
6.72698
6.18381
6.3259
6.23957
6.15324
6.29533
6.209
6.12267
6.26475
6.17842
6.32051
6.23418
6.14785
6.28994
6.20361
6.11728
6.25937
6.17304
6.31512
6.22879
6.14246
6.28455
6.19822
6.34031
6.25398
6.16765
6.30974
6.22341
6.13708
6.27916
6.87809
7.93384
8.9896
9.81694
10.6443
10.558
10.4716
10.6137
10.5274
10.441
10.5831
10.4968
10.6389
10.5526
10.4662
10.6083
10.522
10.6641
10.5777
10.4914
10.6335
10.5472
10.4608
10.6029
10.5166
10.6587
10.5724
10.486
10.6281
10.7702
11.5975
11.968
11.8817
11.7954
11.9375
11.8511
11.7648
11.9069
11.8206
11.9627
11.8763
11.79
11.9321
11.8458
11.9878
11.9015
11.8152
11.9573
11.8709
11.7846
11.9267
11.8404
11.9825
11.8961
11.8098
11.9519
11.8656
11.7792
11.9213
11.835
11.9771
12.1192
13.1749
14.2307
14.6012
14.5148
14.4285
14.5706
14.4843
14.3979
14.54
14.4537
14.5958
14.5095
14.4231
14.5652
14.4789
14.3926
14.5346
14.4483
14.5904
14.5041
14.4177
14.5598
14.4735
14.6156
14.5293
14.4429
14.585
14.4987
14.4124
14.5544
14.4681
14.6102
14.5239
14.4375
14.5796
14.4933
14.407
14.3206
13.7775
13.9196
13.8332
13.7469
13.889
13.8027
13.7163
13.8584
13.7721
13.9142
13.8278
13.7415
13.8836
13.7973
13.9394
13.853
13.7667
13.9088
13.8225
13.7361
13.8782
13.7919
13.934
13.8476
13.7613
13.9034
13.8171
13.7307
14.7865
15.6138
16.6696
17.7253
18.0959
18.2379
18.1516
18.0653
17.5221
16.5221
15.5221
14.5221
13.5221
12.5221
11.5221
10.5221
9.52212
8.52212
7.52212
6.52212
5.52212
4.52212
3.52212
2.52212
1.52212
0.522115
-0.477885
-1.47788
-2.47788
-3.47788
-4.47788
-5.47788
-6.47788
-7.47788
-8.47788
-9.47788
-10.4779
-10.5642
-10.6505
-10.7369
-10.5948
-10.6811
-10.539
-10.6254
-10.7117
-10.5696
-10.6559
-10.7423
-10.6002
-10.6865
-10.5444
-10.6307
-10.7171
-10.575
-10.6613
-10.7477
-10.6056
-10.6919
-10.5498
-10.6361
-10.7225
-10.352
-9.2962
-8.24045
-8.09836
-7.95627
-8.0426
-8.12893
-7.98684
-8.07317
-7.93109
-8.01742
-8.10375
-7.96166
-8.04799
-7.9059
-7.99223
-8.07856
-7.93647
-8.0228
-8.10913
-7.96705
-8.05338
-7.91129
-7.99762
-8.08395
-7.94186
-8.02819
-8.11452
-7.97243
-8.05876
-7.91668
-8.00301
-8.31775
-9.31775
-10.3178
-11.3178
-12.3178
-13.3178
-13.8609
-13.7188
-13.8052
-13.8915
-13.7494
-13.8357
-13.6936
-13.78
-13.8663
-13.7242
-13.8106
-13.8969
-13.7548
-13.8411
-13.699
-13.7854
-13.8717
-13.7296
-13.8159
-13.6739
-13.7602
-13.8465
-13.7044
-13.7908
-13.8771
-13.735
-13.8213
-13.6792
-13.7656
-13.1666
-11.8825
-11.0551
-10.2278
-9.40045
-9.48678
-9.57311
-9.43102
-9.51735
-9.37527
-9.4616
-9.54793
-9.40584
-9.49217
-9.5785
-9.43641
-9.52274
-9.38065
-9.46698
-9.55331
-9.41123
-9.49756
-9.35547
-9.4418
-9.52813
-9.38604
-9.47237
-9.5587
-9.41661
-9.50294
-9.36086
-9.44719
-9.53352
-9.39143
-9.47776
-9.33567
-10.3357
-11.3357
-11.8788
-11.7367
-11.8231
-11.9094
-11.7673
-11.8537
-11.94
-11.7979
-11.8842
-11.7421
-11.8285
-11.9148
-11.7727
-11.859
-11.9454
-11.8033
-11.8896
-11.7475
-11.8339
-11.9202
-11.7781
-11.8644
-11.7223
-11.5803
-10.5245
-9.46874
-9.32665
-9.18456
-9.27089
-9.12881
-9.21514
-9.30147
-9.15938
-9.24571
-9.33204
-9.18995
-9.27628
-9.13419
-9.22052
-9.30685
-9.16477
-9.2511
-9.10901
-9.19534
-9.28167
-9.13958
-9.22591
-9.31224
-9.17015
-9.25648
-9.1144
-9.20073
-9.28706
-9.14497
-9.2313
-9.08921
-9.17554
-9.26187
-9.11978
-9.20611
-9.29244
-9.37877
-9.92194
-10.0083
-9.86618
-9.95251
-9.81042
-9.89675
-9.98308
-9.841
-9.92733
-9.78524
-9.87157
-9.9579
-9.81581
-9.90214
-9.98847
-9.84639
-9.93272
-9.79063
-9.87696
-9.96329
-9.8212
-9.90753
-9.99386
-9.85177
-9.9381
-9.79602
-9.88235
-9.96868
-8.91292
-8.08558
-7.02982
-5.97406
-5.60356
-5.46147
-5.5478
-5.63413
-5.49204
-5.57837
-5.6647
-5.52262
-5.60895
-5.46686
-5.55319
-5.63952
-5.49743
-5.58376
-5.67009
-5.528
-5.61433
-5.47225
-5.55858
-5.64491
-5.50282
-5.58915
-5.44706
-5.53339
-5.61972
-5.47763
-5.56396
-5.65029
-5.50821
-5.59454
-5.45245
-5.53878
-5.62511
-5.48302
-5.56935
-5.65568
-5.51359
-5.59992
-5.45784
-5.54417
-5.6305
-5.48841
-5.57474
-5.43265
-5.51898
-5.60531
-5.46323
-5.54956
-5.63589
-5.4938
-5.58013
-5.43804
-5.52437
-5.6107
-5.46861
-5.55494
-5.41286
-5.27077
-4.21501
-3.15925
-3.01717
-2.87508
-2.96141
-2.81932
-2.90565
-2.99198
-2.84989
-2.93622
-3.02255
-2.88047
-2.9668
-2.82471
-2.91104
-2.99737
-2.85528
-2.94161
-2.79952
-2.88585
-2.97218
-2.8301
-2.91643
-3.00276
-2.86067
-2.947
-2.80491
-2.89124
-2.97757
-2.83548
-2.92181
-3.23656
-4.23656
-5.23656
-6.23656
-7.23656
-8.23656
-8.77973
-8.63764
-8.72397
-8.58188
-8.66821
-8.75454
-8.61245
-8.69878
-8.78511
-8.64303
-8.72936
-8.58727
-8.6736
-8.75993
-8.61784
-8.70417
-8.7905
-8.64841
-8.73475
-8.59266
-8.67899
-8.76532
-8.62323
-8.70956
-8.56747
-8.6538
-8.74013
-8.59805
-8.68438
-8.08545
-6.80128
-5.97394
-4.91818
-4.31926
-4.40559
-4.2635
-4.34983
-4.43616
-4.29407
-4.3804
-4.46673
-4.32465
-4.41098
-4.26889
-4.35522
-4.44155
-4.29946
-4.38579
-4.2437
-4.33003
-4.41636
-4.27428
-4.36061
-4.44694
-4.30485
-4.39118
-4.24909
-4.33542
-4.19333
-3.13758
-2.99549
-3.08182
-2.93973
-3.02606
-3.11239
-2.9703
-3.05663
-3.14296
-3.00088
-3.08721
-2.94512
-3.03145
-3.11778
-2.97569
-3.06202
-3.14835
-3.00626
-3.09259
-2.95051
-3.03684
-3.12317
-2.98108
-3.06741
-2.92532
-3.01165
-3.09798
-2.9559
-3.04223
-3.12856
-2.98647
-2.61596
-1.56021
-0.732866
-0.362361
-0.448691
-0.306603
-0.392933
-0.479263
-0.337176
-0.423506
-0.509836
-0.367748
-0.454078
-0.311991
-0.398321
-0.484651
-0.342564
-0.428894
-0.515224
-0.373136
-0.459466
-0.317379
-0.403709
-0.490039
-0.347951
-0.434281
-0.292194
-0.378524
-0.464854
-0.322767
-0.409097
-0.495427
-0.353339
-0.439669
-0.297582
-0.383912
-0.470242
-0.328154
-0.642902
-1.18607
-1.04398
-1.13031
-0.988222
-1.07455
-1.16088
-1.01879
-1.10512
-1.19145
-1.04937
-1.1357
-0.99361
-1.07994
-1.16627
-1.02418
-1.11051
-0.968425
-1.05476
-1.14109
-0.998998
-1.08533
-1.17166
-1.02957
-1.1159
-0.973813
-1.06014
-1.14647
-1.00439
-0.405463
0.421877
1.70605
2.53339
3.13231
3.2744
3.18807
3.33016
3.24383
3.1575
3.29959
3.21326
3.35534
3.26901
3.18268
3.32477
3.23844
3.15211
3.2942
3.20787
3.34996
3.26363
3.1773
2.86255
2.77622
2.91831
2.83198
2.74565
2.88773
2.8014
2.94349
2.85716
2.77083
2.91292
2.82659
2.96868
2.88235
2.79602
2.9381
2.85177
2.76544
2.90753
2.8212
2.96329
2.87696
2.79063
2.93272
2.84639
2.76006
2.90214
2.81581
2.9579
2.87157
2.78524
2.92733
2.841
2.98308
2.89675
2.81042
2.95251
2.86618
3.23669
4.29244
5.3482
5.49029
5.40396
5.54605
5.45972
5.6018
5.51547
5.42914
5.57123
5.4849
5.39857
5.54066
5.45433
5.59642
5.51009
5.42376
5.56584
5.47951
5.39318
5.53527
5.44894
5.59103
5.5047
5.41837
5.56046
5.47413
5.61621
5.52988
5.44355
5.58564
5.27089
4.27089
3.27089
2.27089
1.27089
0.270893
-0.272272
-0.358602
-0.216514
-0.302844
-0.389174
-0.247087
-0.333417
-0.191329
-0.277659
-0.363989
-0.221902
-0.308232
-0.394562
-0.252475
-0.338805
-0.196717
-0.283047
-0.369377
-0.22729
-0.31362
-0.171532
-0.257862
-0.344192
-0.202105
-0.288435
-0.374765
-0.232678
-0.319008
-0.17692
0.422002
1.24934
2.53352
3.36086
3.95978
4.10187
4.01554
3.92921
4.07129
3.98496
4.12705
4.04072
3.95439
4.09648
4.01015
4.15224
4.06591
3.97958
4.12166
4.03533
3.949
4.09109
4.00476
4.14685
4.06052
3.97419
4.11628
4.02995
3.94362
4.0857
3.99937
4.14146
4.05513
3.9688
4.11089
4.02456
3.02456
2.02456
1.70981
1.62348
1.76557
1.67924
1.59291
1.735
1.64867
1.56234
1.70442
1.61809
1.76018
1.67385
1.58752
1.72961
1.64328
1.78537
1.69904
1.61271
1.75479
1.66846
1.58213
1.72422
1.63789
2.23681
3.06415
4.11991
4.262
4.17567
4.31775
4.23142
4.37351
4.28718
4.20085
4.34294
4.25661
4.3987
4.31237
4.22604
4.36812
4.28179
4.19546
4.33755
4.25122
4.39331
4.30698
4.22065
4.36274
4.27641
4.19008
4.33216
4.24583
4.38792
4.30159
4.21526
4.35735
4.27102
4.41311
4.32678
4.24045
4.38253
4.2962
4.20987
3.66671
3.58038
3.72247
3.63614
3.54981
3.69189
3.60556
3.51923
3.66132
3.57499
3.71708
3.63075
3.54442
3.68651
3.60018
3.51385
3.65593
3.5696
3.71169
3.62536
3.53903
3.68112
3.59479
3.73688
3.65055
3.56422
3.7063
3.61997
4.21889
5.50307
6.33041
7.38617
7.98509
7.89876
8.04085
7.95452
7.86819
8.01027
7.69553
6.69553
5.69553
4.69553
3.69553
2.69553
1.69553
1.83761
1.75128
1.66495
1.80704
1.72071
1.8628
1.77647
1.69014
1.83223
1.7459
1.65957
1.80165
1.71532
1.85741
1.77108
1.68475
1.82684
1.74051
1.65418
1.79627
1.70994
1.85202
1.76569
1.67936
1.82145
1.73512
1.87721
1.79088
1.70455
1.84664
1.76031
1.67398
1.81606
1.72973
1.87182
1.78549
1.69916
1.84125
1.75492
1.66859
1.81068
1.72435
1.86643
1.7801
2.15061
3.20637
4.26212
4.40421
4.31788
4.45997
4.37364
4.28731
4.42939
4.34306
4.48515
4.39882
4.31249
4.45458
4.36825
4.28192
4.42401
4.33768
4.47976
4.39343
4.3071
4.44919
4.36286
4.50495
4.41862
4.33229
4.47438
4.38805
4.30172
4.4438
4.35747
4.49956
3.9564
2.9564
1.9564
0.956396
-0.0436036
-1.0436
-1.35835
-1.44468
-1.30259
-1.38892
-1.47525
-1.33317
-1.4195
-1.27741
-1.36374
-1.45007
-1.30798
-1.39431
-1.48064
-1.33855
-1.42488
-1.2828
-1.36913
-1.45546
-1.31337
-1.3997
-1.48603
-1.34394
-1.43027
-1.28818
-1.37451
-1.46084
-1.31876
-1.40509
-1.263
-0.43566
0.39168
1.67586
2.5032
2.8737
3.01579
2.92946
2.84313
2.98521
2.89888
3.04097
2.95464
2.86831
3.0104
2.92407
2.83774
2.97983
2.8935
3.03558
2.94925
2.86292
3.00501
2.91868
3.06077
2.97444
2.88811
3.0302
2.94387
2.85754
3.22804
4.05538
4.19747
4.33956
4.25323
4.1669
4.30898
4.22265
4.36474
4.27841
4.19208
4.33417
4.24784
4.16151
4.3036
4.21727
4.35935
4.27302
4.18669
4.32878
4.24245
4.38454
4.29821
4.21188
4.35397
4.26764
4.18131
4.32339
4.23706
4.37915
4.29282
4.20649
4.577
5.40434
6.46009
6.8306
6.97269
6.88636
6.80003
6.94211
6.85578
6.99787
6.91154
6.82521
6.9673
6.88097
6.79464
6.93672
6.85039
6.99248
6.90615
6.81982
6.96191
6.87558
6.78925
6.93134
6.84501
6.98709
6.90076
6.81443
6.95652
6.87019
7.01228
6.92595
6.83962
6.98171
6.89538
6.80905
6.95113
6.8648
6.77847
6.23531
6.14898
6.29107
6.20474
6.11841
6.26049
6.17416
6.31625
6.22992
6.14359
6.28568
6.19935
6.11302
6.25511
6.16878
6.31086
6.22453
6.1382
6.28029
6.19396
6.33605
6.24972
6.16339
6.30548
6.21915
6.13282
6.2749
6.18857
7.01591
8.07167
8.89901
10.1832
10.5537
10.4674
10.6094
10.5231
9.97995
8.97995
7.97995
6.97995
5.97995
4.97995
3.97995
2.97995
1.97995
0.979952
-0.0200476
-1.02005
-2.02005
-3.02005
-4.02005
-5.02005
-6.02005
-7.02005
-8.02005
-9.02005
-10.02
-11.02
-12.02
-13.02
-14.02
-15.02
-16.02
-17.02
-18.02
-18.3348
-18.1927
-18.279
-18.137
-18.2233
-18.3096
-18.1675
-18.2539
-18.3402
-18.1981
-18.2844
-18.1423
-18.2287
-18.315
-18.1729
-18.2592
-18.3456
-18.2035
-18.2898
-18.1477
-18.2341
-18.3204
-18.1783
-18.2646
-17.6657
-16.8384
-15.7826
-15.6405
-15.7269
-15.5848
-15.6711
-15.529
-15.6153
-15.7017
-15.5596
-15.6459
-15.7322
-15.5902
-15.6765
-15.5344
-15.6207
-15.7071
-15.565
-15.6513
-15.5092
-15.5955
-15.6819
-15.5398
-15.6261
-15.7124
-15.5704
-15.6567
-15.5146
-15.6009
-15.6873
-15.5452
-15.8599
-16.8599
-17.8599
-18.8599
-19.8599
-20.8599
-21.4031
-21.4894
-21.3473
-21.4337
-21.2916
-21.3779
-21.4642
-21.3221
-21.4085
-21.4948
-21.3527
-21.439
-21.297
-21.3833
-21.4696
-21.3275
-21.4139
-21.5002
-21.3581
-21.4444
-21.3023
-21.3887
-21.475
-21.3329
-21.4192
-21.2772
-21.3635
-21.4498
-21.3077
-20.7088
-19.8815
-18.5973
-17.77
-17.171
-17.0289
-17.1153
-16.9732
-17.0595
-17.1458
-17.0038
-17.0901
-17.1764
-17.0343
-17.1207
-16.9786
-17.0649
-17.1512
-17.0091
-17.0955
-16.9534
-17.0397
-17.126
-16.984
-17.0703
-17.1566
-17.0145
-17.1009
-16.9588
-17.0451
-17.1314
-16.9893
-17.0757
-17.162
-17.0199
-17.1063
-18.1063
-19.1063
-19.421
-19.5073
-19.3652
-19.4516
-19.5379
-19.3958
-19.4821
-19.3401
-19.4264
-19.5127
-19.3706
-19.457
-19.5433
-19.4012
-19.4875
-19.3454
-19.4318
-19.5181
-19.376
-19.4623
-19.5487
-19.4066
-19.4929
-18.894
-18.0667
-17.0109
-16.8688
-16.7267
-16.8131
-16.8994
-16.7573
-16.8436
-16.93
-16.7879
-16.8742
-16.7321
-16.8184
-16.9048
-16.7627
-16.849
-16.7069
-16.7933
-16.8796
-16.7375
-16.8238
-16.9102
-16.7681
-16.8544
-16.7123
-16.7986
-16.885
-16.7429
-16.8292
-16.9155
-16.7735
-16.8598
-16.7177
-16.804
-16.8904
-16.7483
-16.8346
-16.9209
-17.4641
-17.5504
-17.4083
-17.4947
-17.581
-17.4389
-17.5252
-17.6116
-17.4695
-17.5558
-17.4137
-17.5001
-17.5864
-17.4443
-17.5306
-17.3885
-17.4749
-17.5612
-17.4191
-17.5055
-17.5918
-17.4497
-17.536
-17.3939
-17.4803
-17.5666
-17.4245
-17.5108
-16.6835
-15.6277
-14.8004
-13.7446
-13.1457
-13.2321
-13.09
-13.1763
-13.2626
-13.1205
-13.2069
-13.0648
-13.1511
-13.2374
-13.0954
-13.1817
-13.268
-13.1259
-13.2123
-13.0702
-13.1565
-13.2428
-13.1007
-13.1871
-13.045
-13.1313
-13.2176
-13.0756
-13.1619
-13.2482
-13.1061
-13.1925
-13.0504
-13.1367
-13.223
-13.0809
-13.1673
-13.2536
-13.1115
-13.1978
-13.0558
-13.1421
-13.2284
-13.0863
-13.1727
-13.0306
-13.1169
-13.2032
-13.0611
-13.1475
-13.2338
-13.0917
-13.178
-13.036
-13.1223
-13.2086
-13.0665
-13.1529
-13.2392
-13.0971
-13.1834
-12.5845
-11.7572
-10.7014
-10.5593
-10.4172
-10.5036
-10.5899
-10.4478
-10.5341
-10.6205
-10.4784
-10.5647
-10.4226
-10.509
-10.5953
-10.4532
-10.5395
-10.6259
-10.4838
-10.5701
-10.428
-10.5143
-10.6007
-10.4586
-10.5449
-10.4028
-10.4892
-10.5755
-10.4334
-10.5197
-10.6061
-10.464
-10.7787
-11.7787
-12.7787
-13.7787
-14.7787
-15.7787
-16.3219
-16.4082
-16.2661
-16.3525
-16.2104
-16.2967
-16.383
-16.2409
-16.3273
-16.1852
-16.2715
-16.3578
-16.2158
-16.3021
-16.3884
-16.2463
-16.3327
-16.1906
-16.2769
-16.3632
-16.2212
-16.3075
-16.3938
-16.2517
-16.3381
-16.196
-16.2823
-16.3686
-16.2265
-15.6276
-14.5719
-13.5161
-12.6888
-11.8614
-11.9478
-12.0341
-11.892
-11.9783
-12.0647
-11.9226
-12.0089
-11.8668
-11.9531
-12.0395
-11.8974
-11.9837
-12.07
-11.928
-12.0143
-11.8722
-11.9585
-12.0449
-11.9028
-11.9891
-11.847
-11.9333
-12.0197
-11.8776
-11.7355
-10.9082
-10.5377
-10.624
-10.7103
-10.5682
-10.6546
-10.7409
-10.5988
-10.6851
-10.543
-10.6294
-10.7157
-10.5736
-10.6599
-10.7463
-10.6042
-10.6905
-10.5484
-10.6348
-10.7211
-10.579
-10.6653
-10.5232
-10.6096
-10.6959
-10.5538
-10.6401
-10.7265
-10.5844
-10.6707
-10.5286
-10.3865
-9.33079
-8.27503
-8.13294
-7.99085
-8.07718
-7.9351
-8.02143
-8.10776
-7.96567
-8.052
-7.90991
-7.99624
-8.08257
-7.94048
-8.02681
-8.11314
-7.97106
-8.05739
-7.9153
-8.00163
-8.08796
-7.94587
-8.0322
-8.11853
-7.97644
-8.06277
-7.92069
-8.00702
-8.09335
-7.95126
-8.03759
-7.8955
-7.98183
-8.06816
-7.92607
-8.0124
-8.09873
-8.18506
-8.72823
-8.58614
-8.67247
-8.7588
-8.61671
-8.70304
-8.78937
-8.64729
-8.73362
-8.59153
-8.67786
-8.76419
-8.6221
-8.70843
-8.79476
-8.65268
-8.73901
-8.59692
-8.68325
-8.76958
-8.62749
-8.71382
-8.57173
-8.65806
-8.74439
-8.60231
-8.68864
-8.77497
-7.71921
-6.89187
-5.83611
-4.78035
-4.40985
-4.26776
-4.35409
-4.44042
-4.29833
-4.38466
-4.47099
-4.32891
-4.41524
-4.27315
-4.35948
-4.44581
-4.30372
-4.39005
-4.24796
-4.33429
-4.42062
-4.27854
-4.36487
-4.67961
-4.76594
-4.85227
-4.71019
-4.79652
-4.65443
-4.74076
-4.82709
-4.685
-4.77133
-4.85766
-4.71557
-4.8019
-4.65982
-4.74615
-4.83248
-4.69039
-4.77672
-4.63463
-4.72096
-4.80729
-4.6652
-4.75153
-4.83786
-4.69578
-4.78211
-4.64002
-4.72635
-4.81268
-4.67059
-4.75692
-4.61484
-4.70117
-4.7875
-4.64541
-4.73174
-4.81807
-4.67598
-4.30548
-3.24972
-2.42238
-2.05187
-2.1382
-2.22453
-2.08245
-2.16878
-2.02669
-2.11302
-2.19935
-2.05726
-2.14359
-2.0015
-2.08783
-2.17416
-2.03208
-2.11841
-2.20474
-2.06265
-2.14898
-2.00689
-2.09322
-2.17955
-2.03746
-2.12379
-2.21012
-2.06804
-2.15437
-2.01228
-2.09861
-2.18494
-2.49969
-3.49969
-4.49969
-5.49969
-6.49969
-7.49969
-7.81443
-7.90076
-7.98709
-7.84501
-7.93134
-7.78925
-7.87558
-7.96191
-7.81982
-7.90615
-7.99248
-7.85039
-7.93672
-7.79464
-7.88097
-7.9673
-7.82521
-7.91154
-7.76945
-7.85578
-7.94211
-7.80003
-7.88636
-7.97269
-7.8306
-7.91693
-7.77484
-7.86117
-7.9475
-6.89174
-6.0644
-5.23706
-3.95289
-3.58238
-3.66871
-3.52663
-3.61296
-3.47087
-3.5572
-3.64353
-3.50144
-3.58777
-3.44568
-3.53201
-3.61834
-3.47626
-3.56259
-3.64892
-3.50683
-3.59316
-3.45107
-3.5374
-3.62373
-3.48164
-3.56797
-3.6543
-3.51222
-3.59855
-3.45646
-3.54279
-3.62912
-3.48703
-3.57336
-3.43127
-3.5176
-4.5176
-5.5176
-5.83235
-5.91868
-6.00501
-5.86292
-5.94925
-6.03558
-5.8935
-5.97983
-5.83774
-5.92407
-6.0104
-5.86831
-5.95464
-6.04097
-5.89888
-5.98521
-5.84313
-5.92946
-6.01579
-5.8737
-5.96003
-5.81794
-5.90427
-5.53377
-4.47801
-3.65067
-3.28017
-3.3665
-3.22441
-3.31074
-3.39707
-3.25498
-3.34131
-3.42764
-3.28555
-3.37188
-3.2298
-3.31613
-3.40246
-3.26037
-3.3467
-3.20461
-3.29094
-3.37727
-3.23518
-3.32151
-3.40784
-3.26576
-3.35209
-3.21
-3.29633
-3.38266
-3.24057
-3.3269
-3.18481
-3.27114
-3.35747
-3.21539
-3.30172
-3.38805
-3.24596
-3.33229
-4.10387
-3.96178
-4.04811
-3.90603
-3.99236
-4.07869
-3.9366
-4.02293
-3.88084
-3.96717
-4.0535
-3.91141
-3.99774
-4.08407
-3.94199
-4.02832
-3.88623
-3.97256
-4.05889
-3.9168
-4.00313
-4.08946
-3.94738
-4.03371
-3.89162
-3.97795
-4.06428
-3.92219
-3.32327
-2.26751
-1.21175
-0.384413
0.442927
0.356597
0.270267
0.412354
0.326024
0.239694
0.381782
0.295452
0.437539
0.351209
0.264879
0.406967
0.320637
0.234306
0.376394
-0.395189
-1.39519
-2.39519
-3.39519
-4.39519
-5.39519
-6.39519
-7.39519
-7.48152
-7.33943
-7.42576
-7.51209
-7.37
-7.45633
-7.54266
-7.40058
-7.48691
-7.34482
-7.43115
-7.51748
-7.37539
-7.46172
-7.54805
-7.40596
-7.49229
-7.35021
-7.43654
-7.52287
-7.38078
-7.46711
-7.32502
-7.41135
-7.49768
-7.35559
-7.44192
-7.52825
-7.38617
-7.4725
-7.33041
-7.41674
-7.50307
-7.36098
-7.21889
-6.16314
-5.10738
-4.73688
-4.82321
-4.90954
-4.76745
-4.85378
-4.71169
-4.79802
-4.88435
-4.74226
-4.82859
-4.91492
-4.77284
-4.85917
-4.71708
-4.80341
-4.88974
-4.74765
-4.83398
-4.92031
-4.77822
-4.86455
-4.72247
-4.8088
-4.89513
-4.75304
-4.83937
-4.69728
-4.78361
-4.86994
-5.18469
-6.18469
-7.18469
-8.18469
-9.18469
-10.1847
-10.4994
-10.5858
-10.6721
-10.53
-10.6163
-10.7027
-10.5606
-10.6469
-10.5048
-10.5912
-10.6775
-10.5354
-10.6217
-10.4796
-10.566
-10.6523
-10.5102
-10.5965
-10.6829
-10.5408
-10.6271
-10.485
-10.5714
-10.6577
-10.5156
-10.6019
-10.6883
-10.5462
-10.6325
-9.80516
-8.7494
-7.92206
-6.63789
-6.26739
-6.35372
-6.21163
-6.29796
-6.15587
-6.2422
-6.32853
-6.18644
-6.27277
-6.3591
-6.21702
-6.30335
-6.16126
-6.24759
-6.33392
-6.19183
-6.27816
-6.36449
-6.2224
-6.30873
-6.16665
-6.25298
-6.33931
-6.19722
-6.28355
-6.14146
-5.0857
-4.94362
-5.02995
-4.88786
-4.97419
-4.8321
-4.91843
-5.00476
-4.86267
-4.949
-5.03533
-4.89325
-4.97958
-4.83749
-4.92382
-5.01015
-4.86806
-4.95439
-5.04072
-4.89863
-4.98496
-4.84288
-4.92921
-5.01554
-4.87345
-4.95978
-4.81769
-4.90402
-4.99035
-4.84826
-4.93459
-4.56409
-3.50833
-2.45257
-2.31049
-2.39682
-2.25473
-2.34106
-2.42739
-2.2853
-2.37163
-2.22955
-2.31588
-2.40221
-2.26012
-2.34645
-2.20436
-2.29069
-2.37702
-2.23493
-2.32126
-2.40759
-2.26551
-2.35184
-2.20975
-2.29608
-2.38241
-2.24032
-2.32665
-2.41298
-2.27089
-2.35722
-2.21514
-2.30147
-2.3878
-2.24571
-2.33204
-2.18995
-2.27628
-2.36261
-2.90578
-2.99211
-3.07844
-2.93635
-3.02268
-2.88059
-2.96692
-3.05325
-2.91116
-2.99749
-3.08382
-2.94174
-3.02807
-2.88598
-2.97231
-3.05864
-2.91655
-3.00288
-3.08921
-2.94712
-3.03345
-2.89137
-2.9777
-3.06403
-2.92194
-3.00827
-2.86618
-2.95251
-2.35359
-1.06941
-0.242075
0.585265
1.4126
1.32627
1.23994
1.38203
0.61045
-0.38955
-1.38955
-2.38955
-3.38955
-4.38955
-5.38955
-6.38955
-7.38955
-8.38955
-9.38955
-10.3896
-11.3896
-12.3896
-13.3896
-14.3896
-15.3896
-16.3896
-17.3896
-18.3896
-19.3896
-20.3896
-21.3896
-22.3896
-23.3896
-24.3896
-25.3896
-26.3896
-27.3896
-27.4759
-27.5622
-27.4201
-27.5065
-27.3644
-27.4507
-27.537
-27.3949
-27.4813
-27.3392
-27.4255
-27.5118
-27.3698
-27.4561
-27.5424
-27.4003
-27.4867
-27.3446
-27.4309
-27.5172
-27.3751
-27.4615
-27.5478
-27.4057
-27.0352
-25.9795
-25.1521
-24.7816
-24.8679
-24.7258
-24.8122
-24.8985
-24.7564
-24.8428
-24.9291
-24.787
-24.8733
-24.7312
-24.8176
-24.9039
-24.7618
-24.8481
-24.9345
-24.7924
-24.8787
-24.7366
-24.823
-24.9093
-24.7672
-24.8535
-24.7114
-24.7978
-24.8841
-24.742
-24.8283
-24.9147
-25.2294
-26.2294
-27.2294
-28.2294
-29.2294
-30.2294
-30.5442
-30.6305
-30.7168
-30.5747
-30.6611
-30.519
-30.6053
-30.6916
-30.5496
-30.6359
-30.4938
-30.5801
-30.6665
-30.5244
-30.6107
-30.697
-30.5549
-30.6413
-30.4992
-30.5855
-30.6718
-30.5298
-30.6161
-30.7024
-30.5603
-30.6467
-30.5046
-30.5909
-30.6772
-29.6215
-28.7941
-27.7384
-26.6826
-26.3121
-26.17
-26.2564
-26.3427
-26.2006
-26.2869
-26.3733
-26.2312
-26.3175
-26.1754
-26.2617
-26.3481
-26.206
-26.2923
-26.3786
-26.2366
-26.3229
-26.1808
-26.2671
-26.3535
-26.2114
-26.2977
-26.1556
-26.2419
-26.3283
-26.1862
-26.2725
-26.3589
-26.2168
-26.3031
-26.161
-26.2473
-27.2473
-28.2473
-28.5621
-28.6484
-28.7347
-28.5927
-28.679
-28.7653
-28.6232
-28.7096
-28.5675
-28.6538
-28.7401
-28.598
-28.6844
-28.5423
-28.6286
-28.7149
-28.5729
-28.6592
-28.7455
-28.6034
-28.6898
-28.5477
-28.634
-28.2635
-27.2077
-26.3804
-26.0099
-26.0962
-25.9541
-26.0405
-26.1268
-25.9847
-26.071
-25.929
-26.0153
-26.1016
-25.9595
-26.0459
-26.1322
-25.9901
-26.0764
-25.9343
-26.0207
-26.107
-25.9649
-26.0512
-25.9092
-25.9955
-26.0818
-25.9397
-26.0261
-26.1124
-25.9703
-26.0566
-25.9145
-26.0009
-26.0872
-25.9451
-26.0314
-26.1178
-25.9757
-26.062
-26.6052
-26.6915
-26.7778
-26.6358
-26.7221
-26.8084
-26.6663
-26.7527
-26.6106
-26.6969
-26.7832
-26.6411
-26.7275
-26.5854
-26.6717
-26.7581
-26.616
-26.7023
-26.7886
-26.6465
-26.7329
-26.5908
-26.6771
-26.7634
-26.6214
-26.7077
-26.794
-26.6519
-26.053
-24.9972
-23.9415
-23.1141
-22.2868
-22.3731
-22.4595
-22.3174
-22.4037
-22.49
-22.348
-22.4343
-22.2922
-22.3785
-22.4649
-22.3228
-22.4091
-22.267
-22.3533
-22.4397
-22.2976
-22.3839
-22.4702
-22.3282
-22.4145
-22.2724
-22.3587
-22.4451
-22.303
-22.3893
-22.2472
-22.3335
-22.4199
-22.2778
-22.3641
-22.4504
-22.3084
-22.3947
-22.2526
-22.3389
-22.4253
-22.2832
-22.3695
-22.4558
-22.3137
-22.4001
-22.258
-22.3443
-22.4306
-22.2886
-22.3749
-22.2328
-22.3191
-22.4055
-22.2634
-22.3497
-22.436
-22.2939
-22.3803
-22.2382
-22.3245
-21.954
-20.8983
-20.0709
-19.7004
-19.7867
-19.6447
-19.731
-19.8173
-19.6752
-19.7616
-19.6195
-19.7058
-19.7921
-19.65
-19.7364
-19.8227
-19.6806
-19.7669
-19.6249
-19.7112
-19.7975
-19.6554
-19.7418
-19.8281
-19.686
-19.7723
-19.6302
-19.7166
-19.8029
-19.6608
-19.7471
-19.6051
-20.1482
-21.1482
-22.1482
-23.1482
-24.1482
-25.1482
-25.463
-25.5493
-25.4072
-25.4935
-25.5799
-25.4378
-25.5241
-25.6104
-25.4684
-25.5547
-25.4126
-25.4989
-25.5853
-25.4432
-25.5295
-25.3874
-25.4738
-25.5601
-25.418
-25.5043
-25.5907
-25.4486
-25.5349
-25.3928
-25.4791
-25.5655
-25.4234
-25.5097
-25.596
-24.5403
-23.7129
-22.6572
-21.6014
-21.2309
-21.0888
-21.1752
-21.2615
-21.1194
-21.2057
-21.0637
-21.15
-21.2363
-21.0942
-21.1806
-21.2669
-21.1248
-21.2111
-21.069
-21.1554
-21.2417
-21.0996
-21.1859
-21.2723
-21.1302
-21.2165
-21.0744
-21.1608
-21.2471
-21.105
-20.0492
-19.9072
-19.7651
-19.8514
-19.9377
-19.7956
-19.882
-19.7399
-19.8262
-19.9125
-19.7705
-19.8568
-19.9431
-19.801
-19.8874
-19.7453
-19.8316
-19.9179
-19.7758
-19.8622
-19.9485
-19.8064
-19.8927
-19.7507
-19.837
-19.9233
-19.7812
-19.8676
-19.7255
-19.8118
-19.8981
-19.5276
-18.7003
-17.6445
-17.274
-17.1319
-17.2183
-17.3046
-17.1625
-17.2488
-17.3352
-17.1931
-17.2794
-17.1373
-17.2237
-17.31
-17.1679
-17.2542
-17.1121
-17.1985
-17.2848
-17.1427
-17.229
-17.3154
-17.1733
-17.2596
-17.1175
-17.2039
-17.2902
-17.1481
-17.2344
-17.3208
-17.1787
-17.265
-17.1229
-17.2092
-17.2956
-17.1535
-17.2398
-17.3261
-17.8693
-17.9556
-17.8136
-17.8999
-17.9862
-17.8441
-17.9305
-17.7884
-17.8747
-17.961
-17.8189
-17.9053
-17.9916
-17.8495
-17.9358
-17.7938
-17.8801
-17.9664
-17.8243
-17.9107
-17.997
-17.8549
-17.9412
-17.7991
-17.8855
-17.9718
-17.8297
-17.9161
-17.0887
-16.033
-15.2056
-13.9214
-13.5509
-13.6373
-13.4952
-13.5815
-13.6678
-13.5257
-13.6121
-13.47
-13.5563
-13.6427
-13.5006
-13.5869
-13.6732
-13.5311
-13.6175
-13.4754
-13.5617
-13.648
-13.506
-13.8207
-13.907
-13.9934
-13.8513
-13.9376
-14.0239
-13.8818
-13.9682
-14.0545
-13.9124
-13.9987
-13.8567
-13.943
-14.0293
-13.8872
-13.9736
-14.0599
-13.9178
-14.0041
-13.862
-13.9484
-14.0347
-13.8926
-13.979
-13.8369
-13.9232
-14.0095
-13.8674
-13.9538
-14.0401
-13.898
-13.9843
-13.8423
-13.9286
-14.0149
-13.8728
-13.9592
-13.8171
-13.675
-12.6192
-11.5635
-11.4214
-11.2793
-11.3656
-11.2235
-11.3099
-11.3962
-11.2541
-11.3404
-11.4268
-11.2847
-11.371
-11.2289
-11.3152
-11.4016
-11.2595
-11.3458
-11.2037
-11.2901
-11.3764
-11.2343
-11.3206
-11.407
-11.2649
-11.3512
-11.2091
-11.2955
-11.3818
-11.2397
-11.326
-11.6408
-12.6408
-13.6408
-14.6408
-15.6408
-16.6408
-17.1839
-17.0418
-17.1282
-16.9861
-17.0724
-17.1588
-17.0167
-17.103
-17.1893
-17.0472
-17.1336
-16.9915
-17.0778
-17.1641
-17.0221
-17.1084
-17.1947
-17.0526
-17.139
-16.9969
-17.0832
-17.1695
-17.0274
-17.1138
-16.9717
-17.058
-17.1443
-17.0023
-17.0886
-16.4897
-15.2055
-14.3781
-13.3224
-12.7235
-12.8098
-12.6677
-12.754
-12.8404
-12.6983
-12.7846
-12.8709
-12.7289
-12.8152
-12.6731
-12.7594
-12.8458
-12.7037
-12.79
-12.6479
-12.7342
-12.8206
-12.6785
-12.7648
-12.8511
-12.7091
-12.7954
-12.6533
-12.7396
-12.826
-12.6839
-12.7702
-12.8565
-12.7144
-12.8008
-12.6587
-13.6587
-14.6587
-15.2019
-15.0598
-15.1461
-15.2324
-15.0903
-15.1767
-15.0346
-15.1209
-15.2072
-15.0652
-15.1515
-15.2378
-15.0957
-15.1821
-15.04
-15.1263
-15.2126
-15.0705
-15.1569
-15.2432
-15.1011
-15.1874
-15.0454
-14.9033
-13.8475
-12.7918
-12.4213
-12.5076
-12.5939
-12.4518
-12.5382
-12.6245
-12.4824
-12.5687
-12.4266
-12.513
-12.5993
-12.4572
-12.5435
-12.6299
-12.4878
-12.5741
-12.432
-12.5184
-12.6047
-12.4626
-12.5489
-12.4068
-12.4932
-12.5795
-12.4374
-12.5237
-12.6101
-12.468
-12.5543
-12.4122
-12.4986
-12.5849
-12.4428
-12.5291
-12.387
-12.7018
-13.245
-13.1029
-13.1892
-13.2755
-13.1334
-13.2198
-13.3061
-13.164
-13.2503
-13.1083
-13.1946
-13.2809
-13.1388
-13.2252
-13.0831
-13.1694
-13.2557
-13.1136
-13.2
-13.2863
-13.1442
-13.2305
-13.0885
-13.1748
-13.2611
-13.119
-13.2054
-13.0633
-12.2359
-11.4086
-10.3528
-9.29708
-8.92658
-8.78449
-8.87082
-8.95715
-8.81506
-8.90139
-8.7593
-8.84563
-8.93196
-8.78988
-8.87621
-8.96254
-8.82045
-8.90678
-8.76469
-8.85102
-8.93735
-8.79526
-8.88159
-8.96792
-8.82584
-8.91217
-8.77008
-8.85641
-8.94274
-8.80065
-8.88698
-8.74489
-8.83122
-8.91755
-8.77547
-8.8618
-8.94813
-8.80604
-8.89237
-8.75028
-8.83661
-8.92294
-8.78085
-8.86718
-8.7251
-8.81143
-8.89776
-8.75567
-8.842
-8.92833
-8.78624
-8.87257
-8.73048
-8.81681
-8.90314
-8.76106
-8.84739
-8.93372
-8.79163
-8.87796
-8.73587
-8.59379
-7.53803
-6.48227
-6.11177
-6.1981
-6.28443
-6.14234
-6.22867
-6.315
-6.17291
-6.25924
-6.11715
-6.20348
-6.28981
-6.14773
-6.23406
-6.32039
-6.1783
-6.26463
-6.12254
-6.20887
-6.2952
-6.15311
-6.23944
-6.09736
-6.18369
-6.27002
-6.12793
-6.21426
-6.30059
-6.1585
-6.24483
-6.55958
-7.55958
-8.55958
-9.55958
-10.5596
-11.5596
-12.1027
-11.9607
-12.047
-11.9049
-11.9912
-12.0776
-11.9355
-12.0218
-11.8797
-11.966
-12.0524
-11.9103
-11.9966
-12.0829
-11.9409
-12.0272
-11.8851
-11.9714
-12.0578
-11.9157
-12.002
-12.0883
-11.9462
-12.0326
-11.8905
-11.9768
-12.0631
-11.9211
-12.0074
-11.1801
-10.1243
-9.29696
-8.01278
-7.64228
-7.72861
-7.58652
-7.67285
-7.75918
-7.61709
-7.70342
-7.56133
-7.64766
-7.73399
-7.59191
-7.67824
-7.76457
-7.62248
-7.70881
-7.56672
-7.65305
-7.73938
-7.59729
-7.68362
-7.54154
-7.62787
-7.7142
-7.57211
-7.65844
-7.51635
-6.46059
-6.31851
-6.40484
-6.26275
-6.34908
-6.43541
-6.29332
-6.37965
-6.23756
-6.32389
-6.41022
-6.26814
-6.35447
-6.4408
-6.29871
-6.38504
-6.24295
-6.32928
-6.41561
-6.27352
-6.35985
-6.21777
-6.3041
-6.39043
-6.24834
-6.33467
-6.421
-6.27891
-6.36524
-6.22315
-6.30949
-5.93898
-4.88322
-4.05588
-3.68538
-3.77171
-3.62962
-3.71595
-3.80228
-3.66019
-3.74652
-3.60444
-3.69077
-3.7771
-3.63501
-3.72134
-3.80767
-3.66558
-3.75191
-3.60982
-3.69615
-3.78248
-3.6404
-3.72673
-3.81306
-3.67097
-3.7573
-3.61521
-3.70154
-3.78787
-3.64578
-3.73211
-3.59003
-3.67636
-3.76269
-3.6206
-3.70693
-3.79326
-3.65117
-3.7375
-4.28067
-4.367
-4.45333
-4.31124
-4.39757
-4.4839
-4.34181
-4.42814
-4.28605
-4.37238
-4.45871
-4.31663
-4.40296
-4.48929
-4.3472
-4.43353
-4.29144
-4.37777
-4.4641
-4.32201
-4.40834
-4.26626
-4.35259
-4.43892
-4.29683
-4.38316
-4.46949
-4.3274
-3.72848
-2.67272
-1.61697
-0.789625
0.0377146
-0.0486155
-0.134945
0.00714196
-0.0791881
-0.165518
-0.0234306
-0.109761
0.0323268
-0.0540033
-0.140333
0.00175417
-0.0845759
0.0575116
-0.0288184
-0.115148
0.026939
-0.0593911
-0.145721
-0.00363363
-0.0899637
0.0521238
-0.0342062
-0.120536
0.0215512
-0.0647788
-0.151109
-0.00902143
-0.0953515
0.046736
-0.039594
-0.125924
0.0161634
-0.0701666
0.0719208
-0.0144092
-0.100739
0.0413482
-0.0449818
-0.131312
0.0107756
-0.0755544
0.066533
-0.019797
-0.106127
0.0359604
-0.0503696
-0.1367
0.0053878
-0.0809422
0.0611452
-0.0251848
-0.111515
0.0305726
-0.0557574
0.08633
2.89047e-13
0
0
0
0
0
0
0
0
0
0
0
0
0
0
0
0
0
0
0
0
0
0
0
0
0
0
0
0
0
0
0
0
0
0
0
0
0
0
0
0
0
0
0
0
0
0
0
0
0
0
0
0
0
0
0
0
0
0
0
0
0
0
0
0
0
0
0
0
0
0
0
0
0
0
0
0
0
0
0
0
0
0
0
0
0
0
0
0
0
0
0
0
0
0
0
0
0
0
0
0
0
0
0
0
0
0
0
0
0
0
0
0
0
0
0
0
0
0
0
0
0
0
0
0
0
0
0
0
0
0
0
0
0
0
0
0
0
0
0
0
0
0
0
0
0
0
0
0
0
0
0
0
0
0
0
0
0
0
0
0
0
0
0
0
0
0
0
0
0
0
0
0
0
0
0
0
0
0
0
0
0
0
0
0
0
0
0
0
0
0
0
0
0
0
0
0
0
0
0
0
0
0
0
0
0
0
0
0
0
0
0
0
0
0
0
0
0
0
0
0
0
0
0
0
0
0
0
