0
0
0
0
0
0
0
0
0
0
0
0
0
0
0
0
0
0
0
0
0
0
0
0
0
0
0
0
0
0
0
0
0
0
0
0
0
0
0
0
0
0
0
0
0
0
0
0
0
0
0
0
0
0
0
0
0
0
0
0
0
0
0
0
0
0
0
0
0
0
0
0
0
0
0
0
0
0
0
0
0
0
0
0
0
0
0
0
0
0
0
0
0
0
0
0
0
0
0
0
0
0
0
0
0
0
0
0
0
0
0
0
0
0
0
0
0
0
0
0
0
0
0
0
0
0
0
0
0
0
0
0
0
0
0
0
0
0
0
0
0
0
0
0
0
0
0
0
0
0
0
0
0
0
0
0
0
0
0
0
0
0
0
0
0
0
0
0
0
0
0
0
0
0
0
0
0
0
0
0
0
0
0
0
0
0
0
0
0
0
0
0
0
0
0
0
0
0
0
0
0
0
0
0
0
0
0
0
0
0
0
0
0
0
0
0
0
0
0
0
0
0
0
0
0
0
0
0
0
-0.0878247
-0.175649
-0.0354304
-0.123255
0.016964
0.157183
0.297402
0.209577
0.121753
0.261972
0.174147
0.314366
0.226541
0.138717
0.278936
0.191111
0.103286
0.243505
0.155681
0.2959
0.208075
0.12025
0.260469
0.172645
0.312864
0.225039
0.137214
0.277433
0.189609
0.101784
0.242003
0.154178
0.294397
0.206573
0.118748
0.258967
0.171142
0.0833177
0.223537
0.135712
0.275931
0.188106
0.100282
0.240501
0.152676
0.292895
0.20507
0.117246
0.257465
0.16964
0.0818153
0.222034
0.13421
0.274429
0.186604
0.0987793
0.238998
0.151174
0.291393
0.203568
0.115743
0.255962
0.168138
0.080313
0.220532
0.132707
0.272926
0.185102
0.097277
-0.218592
-0.306416
-0.166197
-0.254022
-0.341847
-0.201628
-0.289452
-0.149233
-0.237058
-0.324883
-0.184664
-0.272488
-0.132269
-0.220094
-0.307919
-0.1677
-0.255524
-0.343349
-0.20313
-0.290955
-0.150736
-0.23856
-0.326385
-0.186166
-0.273991
-0.361815
-0.221596
-0.309421
-0.169202
-0.257027
-0.344851
-0.204632
-0.0644131
-0.152238
-0.0120188
-0.0998435
0.0403756
-0.0474491
-0.135274
0.00494523
-0.0828795
-0.170704
-0.0304851
-0.11831
0.0219092
-0.0659155
-0.15374
-0.0135211
-0.101346
0.0388732
-0.0489515
-0.136776
0.00344288
-0.0843818
-0.172207
-0.0319875
-0.119812
0.0204069
-0.0674178
-0.155243
-0.0150235
-0.102848
-0.190673
-0.0504538
-0.138279
0.229984
0.14216
0.282379
0.194554
0.106729
0.246948
0.159124
0.299343
0.211518
0.123693
0.263912
0.176088
0.316307
0.228482
0.140657
0.280876
0.193052
0.105227
0.245446
0.157621
0.29784
0.210016
0.122191
0.26241
0.174585
0.0867606
0.22698
0.139155
0.279374
0.191549
0.103725
0.243944
0.156119
0.296338
0.208513
0.120689
-0.19518
-0.283005
-0.142786
-0.23061
-0.318435
-0.178216
-0.266041
-0.125822
-0.213646
-0.301471
-0.161252
-0.249077
-0.336901
-0.196682
-0.284507
-0.144288
-0.232113
-0.319937
-0.179718
-0.267543
-0.127324
-0.215149
-0.302973
-0.162754
-0.250579
-0.338404
-0.654272
-0.742097
-0.601878
-0.689703
-0.549484
-0.637308
-0.725133
-0.584914
-0.672739
-0.53252
-0.620344
-0.708169
-0.56795
-0.655775
-0.743599
-0.60338
-0.691205
-0.550986
-0.638811
-0.726635
-0.586416
-0.674241
-0.762066
-0.621847
-0.709671
-0.569452
-0.657277
-0.745102
-0.604883
-0.692707
-0.552488
-0.640313
-0.728138
-0.587919
-0.675743
-0.763568
-0.623349
-0.711174
-0.342911
-0.430736
-0.290516
-0.378341
-0.466166
-0.325947
-0.413772
-0.273552
-0.361377
-0.449202
-0.308983
-0.396808
-0.484632
-0.344413
-0.432238
-0.292019
-0.379844
-0.467668
-0.327449
-0.415274
-0.275055
-0.362879
-0.450704
-0.310485
-0.39831
-0.486135
-0.345915
-0.43374
-0.293521
-0.381346
-0.469171
-0.328951
-0.188732
-0.0485133
-0.136338
0.00388106
-0.0839437
-0.171768
-0.0315493
-0.119374
-0.207199
-0.0669797
-0.154804
-0.0145853
-0.10241
-0.190235
-0.0500156
-0.13784
-0.225665
-0.085446
-0.173271
-0.0330516
-0.120876
-0.208701
-0.068482
-0.156307
-0.0160876
-0.103912
-0.191737
-0.051518
-0.139343
-0.227167
-0.0869484
-0.174773
-0.034554
-0.122379
-0.210203
-0.0699844
-0.157809
-0.01759
-0.105415
-0.193239
-0.0530203
-0.140845
-0.22867
-0.0884507
-0.176275
-0.0360563
-0.123881
-0.211706
-0.0714867
-0.159311
-0.247136
-0.106917
-0.194742
-0.0545227
-0.142347
-0.230172
-0.0899531
-0.177778
-0.0375587
-0.125383
-0.213208
-0.072989
-0.160814
-0.248638
-0.564507
-0.652332
-0.512113
-0.599937
-0.459718
-0.547543
-0.635368
-0.495149
-0.582973
-0.670798
-0.530579
-0.618404
-0.478185
-0.566009
-0.653834
-0.513615
-0.60144
-0.461221
-0.549045
-0.63687
-0.496651
-0.584476
-0.6723
-0.532081
-0.619906
-0.479687
-0.567512
-0.655336
-0.515117
-0.602942
-0.690767
-0.550548
-0.410329
-0.27011
-0.357934
-0.445759
-0.30554
-0.393365
-0.481189
-0.34097
-0.428795
-0.288576
-0.376401
-0.464225
-0.324006
-0.411831
-0.499656
-0.359437
-0.447261
-0.307042
-0.394867
-0.482692
-0.342473
-0.430297
-0.290078
-0.377903
-0.465728
-0.325509
-0.413333
-0.501158
-0.360939
-0.448764
-0.308545
-0.396369
-0.484194
-0.115931
-0.203756
-0.0635368
-0.151362
-0.0111424
-0.0989671
-0.186792
-0.0465728
-0.134397
-0.222222
-0.0820031
-0.169828
-0.0296088
-0.117433
-0.205258
-0.0650391
-0.152864
-0.0126448
-0.100469
-0.188294
-0.0480751
-0.1359
-0.223725
-0.0835055
-0.17133
-0.0311111
-0.118936
-0.206761
-0.0665415
-0.154366
-0.0141471
0.126072
0.266291
0.178466
0.0906416
0.230861
0.143036
0.0552113
0.19543
0.107606
0.247825
0.16
0.0721753
0.212394
0.12457
0.264789
0.176964
0.0891393
0.229358
0.141534
0.0537089
0.193928
0.106103
0.246322
0.158498
0.0706729
0.210892
0.123067
0.0352426
0.175462
0.0876369
0.227856
0.140031
0.0522066
0.192426
-0.351487
-0.211268
-0.299092
-0.158873
-0.246698
-0.334523
-0.194304
-0.282128
-0.369953
-0.229734
-0.317559
-0.17734
-0.265164
-0.352989
-0.21277
-0.300595
-0.388419
-0.2482
-0.336025
-0.195806
-0.283631
-0.371455
-0.231236
-0.319061
-0.178842
-0.266667
-0.354491
-0.214272
-0.302097
-0.389922
-0.249703
-0.337527
-0.197308
-0.285133
-0.372958
-0.232739
-0.320563
-0.408388
-0.0401252
0.100094
0.0122692
-0.0755556
0.0646635
-0.0231612
-0.110986
0.0292332
-0.0585915
0.0816275
-0.00619718
-0.0940219
0.0461972
-0.0416275
0.0985915
0.0107668
-0.0770579
0.0631612
-0.0246635
-0.112488
0.0277308
-0.0600939
0.0801252
-0.00769953
-0.0955243
0.0446948
-0.0431299
-0.130955
0.00926448
-0.0785603
0.0616588
-0.0261659
0.342097
0.254272
0.166448
0.306667
0.218842
0.359061
0.271236
0.183412
0.551674
0.46385
0.376025
0.516244
0.428419
0.568638
0.480814
0.392989
0.533208
0.445383
0.357559
0.497778
0.409953
0.550172
0.462347
0.374523
0.514742
0.426917
0.339092
0.479311
0.391487
0.531706
0.443881
0.356056
0.496275
0.408451
0.54867
0.00475743
0.144977
0.0571518
-0.0306729
0.109546
0.0217214
-0.0661033
0.0741158
-0.0137089
0.12651
0.0386854
-0.0491393
0.0910798
0.00325509
0.143474
0.0556495
-0.0321753
0.108044
0.0202191
-0.0676056
0.0726135
-0.0152113
0.125008
0.0371831
-0.0506416
0.0895775
0.00175274
-0.086072
0.0541471
-0.0336776
0.106541
0.0187167
0.158936
0.299155
0.21133
0.123505
0.263725
0.1759
0.316119
0.228294
0.140469
0.280689
0.192864
0.105039
0.245258
0.157433
0.297653
0.209828
0.122003
0.262222
0.174397
0.314617
0.226792
0.138967
0.279186
0.191362
0.103537
0.243756
0.155931
0.29615
0.208326
0.120501
0.26072
0.172895
0.0850704
0.453333
0.593552
0.505728
0.417903
0.558122
0.470297
0.382473
0.522692
0.434867
0.575086
0.487261
0.399437
0.539656
0.451831
0.364006
0.504225
0.416401
0.55662
0.468795
0.38097
0.521189
0.433365
0.573584
0.485759
0.397934
0.538153
0.450329
0.362504
0.502723
0.414898
0.555117
0.467293
0.379468
0.519687
0.431862
0.572081
0.028169
0.168388
0.0805634
-0.00726135
0.132958
0.045133
-0.0426917
0.0975274
0.00970266
0.149922
0.062097
-0.0257277
0.114491
0.0266667
-0.0611581
0.079061
-0.00876369
0.131455
0.0436307
-0.0441941
0.096025
0.00820031
0.148419
0.0605947
-0.02723
0.112989
-0.430923
-0.290704
-0.378529
-0.466354
-0.326135
-0.413959
-0.27374
-0.361565
-0.44939
-0.309171
-0.396995
-0.48482
-0.344601
-0.432426
-0.292207
-0.380031
-0.467856
-0.327637
-0.415462
-0.275243
-0.363067
-0.450892
-0.310673
-0.398498
-0.486322
-0.346103
-0.433928
-0.293709
-0.381534
-0.469358
-0.329139
-0.416964
-0.276745
-0.36457
-0.452394
-0.312175
-0.4
-0.487825
-0.119562
-0.207387
-0.0671674
-0.154992
-0.0147731
-0.102598
-0.190423
-0.0502034
-0.138028
0.00219092
-0.0856338
-0.173459
-0.0332394
-0.121064
-0.208889
-0.0686698
-0.156495
-0.0162754
-0.1041
-0.191925
-0.0517058
-0.139531
-0.227355
-0.0871362
-0.174961
-0.0347418
-0.122567
-0.210391
-0.0701721
-0.157997
-0.0177778
-0.105603
0.26266
0.174836
0.087011
0.22723
0.139405
0.279624
0.1918
0.103975
0.244194
0.156369
0.0685446
0.208764
0.120939
0.261158
0.173333
0.0855086
0.225728
0.137903
0.0500782
0.190297
0.102473
0.242692
0.154867
0.0670423
0.207261
0.119437
0.259656
0.171831
0.0840063
0.224225
0.136401
0.0485759
0.188795
0.10097
0.241189
0.153365
0.0655399
0.205759
0.117934
0.0301095
0.170329
0.0825039
0.222723
0.134898
0.0470736
0.187293
0.0994679
0.239687
0.151862
0.0640376
0.204257
0.116432
0.0286072
0.168826
0.0810016
0.221221
0.133396
0.0455712
0.18579
0.0979656
0.238185
0.15036
0.0625352
0.202754
-0.341158
-0.200939
-0.288764
-0.376588
-0.236369
-0.324194
-0.183975
-0.2718
-0.359624
-0.219405
-0.30723
-0.395055
-0.254836
-0.34266
-0.202441
-0.290266
-0.378091
-0.237872
-0.325696
-0.185477
-0.273302
-0.361127
-0.220908
-0.308732
-0.396557
-0.256338
-0.344163
-0.203944
-0.291768
-0.379593
-0.239374
-0.327199
-0.18698
-0.0467606
-0.134585
0.0056338
-0.0821909
-0.170016
-0.0297966
-0.117621
-0.205446
-0.0652269
-0.153052
-0.0128326
-0.100657
-0.188482
-0.0482629
-0.136088
-0.223912
-0.0836933
-0.171518
-0.0312989
-0.119124
-0.206948
-0.0667293
-0.154554
-0.0143349
-0.10216
-0.189984
-0.0497653
-0.13759
-0.225415
-0.0851956
-0.17302
-0.0328013
0.107418
0.247637
0.159812
0.0719875
0.212207
0.124382
0.264601
0.176776
0.0889515
0.229171
0.141346
0.0535211
0.19374
0.105915
0.246135
0.15831
0.0704851
0.210704
0.122879
0.263099
0.175274
0.0874491
0.227668
0.139844
0.0520188
0.192238
0.104413
0.244632
0.156808
0.0689828
0.437246
0.349421
0.48964
0.401815
0.542034
0.45421
0.366385
0.506604
0.418779
0.330955
0.471174
0.383349
0.523568
0.435743
0.347919
0.488138
0.400313
0.312488
0.452707
0.364883
0.505102
0.417277
0.329452
0.469671
0.381847
0.522066
0.434241
0.346416
0.486635
0.398811
0.310986
0.451205
0.36338
0.503599
0.415775
0.0999061
0.0120814
-0.0757433
0.0644757
-0.023349
0.11687
0.0290454
-0.0587793
0.0814397
-0.00638498
-0.0942097
0.0460094
-0.0418153
0.0984038
0.010579
-0.0772457
0.0629734
-0.0248513
-0.112676
0.027543
-0.0602817
0.0799374
-0.00788732
-0.0957121
0.044507
-0.0433177
0.0969014
0.00907668
-0.078748
0.061471
-0.0263537
-0.114178
0.0260407
-0.061784
0.0784351
-0.00938967
-0.0972144
0.0430047
0.183224
0.323443
0.235618
0.375837
0.288013
0.200188
0.340407
0.252582
0.164757
0.304977
0.217152
0.357371
0.269546
0.181721
0.321941
0.234116
0.374335
0.28651
0.198685
0.338905
0.25108
0.163255
0.303474
0.215649
0.355869
0.268044
0.180219
0.320438
0.232613
0.144789
0.285008
0.197183
0.565446
0.477621
0.61784
0.530016
0.442191
0.58241
0.494585
0.634804
0.54698
0.459155
0.599374
0.511549
0.651768
0.563944
0.476119
0.616338
0.528513
0.440689
0.580908
0.493083
0.633302
0.545477
0.457653
0.141784
0.0539593
0.194178
0.106354
0.018529
0.158748
0.0709233
0.211142
0.123318
0.035493
0.175712
0.0878873
0.228106
0.140282
0.052457
0.192676
0.104851
0.0170266
0.157246
0.069421
0.20964
0.121815
0.0339906
0.17421
0.086385
-0.00143975
0.138779
0.0509546
0.191174
0.103349
0.0155243
0.155743
0.0679186
0.208138
0.120313
0.0324883
0.172707
0.0848826
-0.0029421
0.137277
0.0494523
-0.266416
-0.354241
-0.214022
-0.301847
-0.389671
-0.249452
-0.337277
-0.197058
-0.284883
-0.372707
-0.232488
-0.320313
-0.408138
-0.267919
-0.355743
-0.215524
-0.303349
-0.391174
-0.250955
-0.338779
-0.426604
-0.286385
-0.37421
-0.233991
-0.321815
-0.40964
-0.269421
-0.357246
-0.217027
-0.304851
-0.392676
-0.252457
-0.112238
-0.200063
-0.0598435
-0.147668
-0.235493
-0.0952739
-0.183099
-0.0428795
-0.130704
-0.218529
-0.0783099
-0.166135
-0.253959
-0.11374
-0.201565
-0.0613459
-0.149171
-0.236995
-0.0967762
-0.184601
-0.0443818
-0.132207
-0.220031
-0.0798122
-0.167637
-0.255462
-0.115243
-0.203067
-0.0628482
-0.150673
-0.238498
-0.0982786
-0.186103
0.18216
0.0943349
0.234554
0.146729
0.0589045
0.199124
0.111299
0.0234742
0.163693
0.0758685
0.216088
0.128263
0.0404382
0.180657
0.0928326
0.233052
0.145227
0.0574022
0.197621
0.109797
0.0219718
0.162191
0.0743662
0.214585
0.126761
0.0389358
0.179155
0.0913302
0.00350548
0.143725
0.0558998
0.196119
0.108294
0.0204695
0.160689
0.0728638
-0.243005
-0.330829
-0.19061
-0.278435
-0.36626
-0.226041
-0.313865
-0.40169
-0.261471
-0.349296
-0.209077
-0.296901
-0.384726
-0.244507
-0.332332
-0.192113
-0.279937
-0.367762
-0.227543
-0.315368
-0.403192
-0.262973
-0.350798
-0.210579
-0.298404
-0.386228
-0.702097
-0.789922
-0.649703
-0.737527
-0.825352
-0.685133
-0.772958
-0.632739
-0.720563
-0.808388
-0.668169
-0.755994
-0.615775
-0.703599
-0.791424
-0.651205
-0.73903
-0.826854
-0.686635
-0.77446
-0.634241
-0.722066
-0.80989
-0.669671
-0.757496
-0.845321
-0.705102
-0.792926
-0.652707
-0.740532
-0.828357
-0.688138
-0.775962
-0.635743
-0.723568
-0.811393
-0.671174
-0.758998
-0.390736
-0.47856
-0.338341
-0.426166
-0.513991
-0.373772
-0.461596
-0.549421
-0.409202
-0.497027
-0.356808
-0.444632
-0.532457
-0.392238
-0.480063
-0.567887
-0.427668
-0.515493
-0.375274
-0.463099
-0.550923
-0.410704
-0.498529
-0.35831
-0.446135
-0.533959
-0.39374
-0.481565
-0.56939
-0.429171
-0.516995
-0.376776
-0.236557
-0.096338
-0.184163
-0.271987
-0.131768
-0.219593
-0.079374
-0.167199
-0.255023
-0.114804
-0.430673
-0.290454
-0.378279
-0.466103
-0.325884
-0.413709
-0.27349
-0.361315
-0.449139
-0.30892
-0.396745
-0.48457
-0.344351
-0.432175
-0.291956
-0.379781
-0.467606
-0.327387
-0.415211
-0.503036
-0.362817
-0.450642
-0.310423
-0.398247
-0.486072
-0.345853
-0.433678
-0.293459
-0.381283
-0.469108
-0.328889
-0.416714
-0.504538
-0.364319
-0.452144
-0.311925
-0.39975
-0.487574
-0.347355
-0.43518
-0.523005
-0.382786
-0.47061
-0.330391
-0.418216
-0.506041
-0.365822
-0.453646
-0.769515
-0.85734
-0.717121
-0.804945
-0.89277
-0.752551
-0.840376
-0.9282
-0.787981
-0.875806
-0.735587
-0.823412
-0.911236
-0.771017
-0.858842
-0.946667
-0.806448
-0.894272
-0.754053
-0.841878
-0.929703
-0.789484
-0.877308
-0.737089
-0.824914
-0.912739
-0.77252
-0.860344
-0.948169
-0.80795
-0.895775
-0.755556
-0.615336
-0.703161
-0.562942
-0.650767
-0.738592
-0.598372
-0.686197
-0.545978
-0.633803
-0.721628
-0.581408
-0.669233
-0.757058
-0.616839
-0.704664
-0.564444
-0.652269
-0.740094
-0.599875
-0.6877
-0.775524
-0.635305
-0.72313
-0.582911
-0.670736
-0.75856
-0.618341
-0.706166
-0.565947
-0.653772
-0.741596
-0.601377
-0.689202
-0.320939
-0.408764
-0.268545
-0.356369
-0.444194
-0.303975
-0.3918
-0.479624
-0.339405
-0.42723
-0.287011
-0.374836
-0.46266
-0.322441
-0.410266
-0.498091
-0.357872
-0.445696
-0.305477
-0.393302
-0.481127
-0.340908
-0.428732
-0.288513
-0.376338
-0.464163
-0.323944
-0.411768
-0.499593
-0.359374
-0.219155
-0.0789358
-0.166761
-0.0265415
-0.114366
-0.202191
-0.0619718
-0.149797
-0.00957746
-0.0974022
-0.185227
-0.0450078
-0.132833
-0.220657
-0.0804382
-0.168263
-0.0280438
-0.115869
-0.203693
-0.0634742
-0.151299
-0.0110798
-0.0989045
-0.186729
-0.0465102
-0.134335
-0.22216
-0.0819405
-0.169765
-0.0295462
-0.117371
-0.205196
-0.0649765
-0.152801
-0.240626
-0.556495
-0.644319
-0.5041
-0.591925
-0.451706
-0.539531
-0.627355
-0.487136
-0.574961
-0.434742
-0.522567
-0.610391
-0.470172
-0.557997
-0.645822
-0.505603
-0.593427
-0.453208
-0.541033
-0.628858
-0.488638
-0.576463
-0.664288
-0.524069
-0.611894
-0.471674
-0.559499
-0.647324
-0.507105
-0.59493
-0.45471
-0.542535
-0.63036
-0.490141
-0.577966
-0.66579
-0.525571
-0.613396
-0.245133
-0.332958
-0.192739
-0.280563
-0.368388
-0.228169
-0.315994
-0.175775
-0.263599
-0.351424
-0.211205
-0.29903
-0.386854
-0.246635
-0.33446
-0.194241
-0.282066
-0.36989
-0.229671
-0.317496
-0.177277
-0.265102
-0.352926
-0.212707
-0.300532
-0.388357
-0.248138
-0.335962
-0.195743
-0.283568
-0.371393
-0.231174
-0.0909546
0.0492645
-0.0385603
0.101659
0.0138341
-0.0739906
0.0662285
-0.0215962
0.118623
0.258842
0.171017
0.311236
0.223412
0.135587
0.275806
0.187981
0.100156
0.240376
0.152551
0.29277
0.204945
0.117121
0.25734
0.169515
0.0816901
0.221909
0.134085
0.274304
0.186479
0.0986541
0.238873
0.151049
0.291268
0.203443
0.115618
-0.20025
-0.288075
-0.147856
-0.235681
-0.323505
-0.183286
-0.271111
-0.130892
-0.218717
-0.306541
-0.166322
-0.254147
-0.341972
-0.201753
-0.289577
-0.149358
-0.237183
-0.325008
-0.184789
-0.272613
-0.132394
-0.220219
-0.308044
-0.167825
-0.255649
-0.343474
-0.203255
-0.29108
-0.150861
-0.238685
-0.32651
-0.186291
-0.046072
-0.133897
0.00632238
-0.0815023
0.0587167
-0.029108
-0.116933
0.0232864
-0.0645383
-0.152363
-0.012144
-0.0999687
0.0402504
-0.0475743
-0.135399
0.00482003
-0.0830047
-0.170829
-0.0306103
-0.118435
0.021784
-0.0660407
-0.153865
-0.0136463
-0.101471
0.038748
-0.0490767
-0.136901
0.00331768
-0.084507
-0.172332
-0.0321127
-0.119937
0.248326
0.160501
0.30072
0.212895
0.12507
0.26529
0.177465
0.317684
0.229859
0.142034
0.282254
0.194429
0.106604
0.246823
0.158998
0.299218
0.211393
0.123568
0.263787
0.175962
0.316182
0.228357
0.140532
0.280751
0.192926
0.105102
0.245321
0.157496
0.297715
0.20989
0.122066
0.262285
0.17446
0.0866354
0.226854
0.13903
-0.176839
-0.264664
-0.124444
-0.212269
-0.300094
-0.159875
-0.2477
-0.10748
-0.195305
-0.28313
-0.142911
-0.230736
-0.31856
-0.178341
-0.266166
-0.125947
-0.213772
-0.301596
-0.161377
-0.249202
-0.337027
-0.196808
-0.284632
-0.144413
-0.232238
-0.320063
-0.635931
-0.723756
-0.583537
-0.671362
-0.531142
-0.618967
-0.706792
-0.566573
-0.654397
-0.742222
-0.602003
-0.689828
-0.549609
-0.637433
-0.725258
-0.585039
-0.672864
-0.532645
-0.620469
-0.708294
-0.568075
-0.6559
-0.743725
-0.603505
-0.69133
-0.551111
-0.638936
-0.726761
-0.586541
-0.674366
-0.762191
-0.621972
-0.709797
-0.569577
-0.657402
-0.745227
-0.605008
-0.692833
-0.32457
-0.412394
-0.272175
-0.36
-0.447825
-0.307606
-0.39543
-0.483255
-0.343036
-0.430861
-0.290642
-0.378466
-0.466291
-0.326072
-0.413897
-0.273678
-0.361502
-0.449327
-0.309108
-0.396933
-0.484757
-0.344538
-0.432363
-0.292144
-0.379969
-0.467793
-0.327574
-0.415399
-0.27518
-0.363005
-0.450829
-0.31061
-0.170391
-0.0301721
-0.117997
-0.205822
-0.0656025
-0.153427
-0.0132081
-0.101033
-0.188858
-0.0486385
-0.136463
0.00375587
-0.0840689
-0.171894
-0.0316745
-0.119499
-0.207324
-0.0671049
-0.15493
-0.0147105
-0.102535
-0.19036
-0.0501408
-0.137966
0.00225352
-0.0855712
-0.173396
-0.0331768
-0.121002
-0.208826
-0.0686072
-0.156432
-0.0162128
-0.104038
-0.191862
-0.0516432
-0.139468
-0.227293
-0.0870736
-0.174898
-0.0346792
-0.122504
-0.210329
-0.0701095
-0.157934
-0.0177152
-0.10554
-0.193365
-0.0531455
-0.14097
-0.228795
-0.0885759
-0.176401
-0.0361815
-0.124006
-0.211831
-0.0716119
-0.159437
-0.247261
-0.107042
-0.194867
-0.0546479
-0.142473
-0.230297
-0.546166
-0.633991
-0.493772
-0.581596
-0.441377
-0.529202
-0.617027
-0.476808
-0.564632
-0.652457
-0.512238
-0.600063
-0.459844
-0.547668
-0.635493
-0.495274
-0.583099
-0.670923
-0.530704
-0.618529
-0.47831
-0.566135
-0.653959
-0.51374
-0.601565
-0.461346
-0.549171
-0.636995
-0.496776
-0.584601
-0.672426
-0.532207
-0.391987
-0.479812
-0.339593
-0.427418
-0.287199
-0.375023
-0.462848
-0.322629
-0.410454
-0.270235
-0.358059
-0.445884
-0.305665
-0.39349
-0.481315
-0.341095
-0.42892
-0.288701
-0.376526
-0.464351
-0.324131
-0.411956
-0.499781
-0.359562
-0.447387
-0.307167
-0.394992
-0.482817
-0.342598
-0.430423
-0.290203
-0.378028
-0.465853
-0.09759
-0.185415
-0.0451956
-0.13302
0.00719875
-0.080626
-0.168451
-0.0282316
-0.116056
-0.203881
-0.063662
-0.151487
-0.0112676
-0.0990923
-0.186917
-0.046698
-0.134523
-0.222347
-0.0821283
-0.169953
-0.029734
-0.117559
-0.205383
-0.0651643
-0.152989
-0.01277
-0.100595
-0.188419
-0.0482003
-0.136025
0.00419405
0.144413
0.284632
0.196808
0.108983
0.249202
0.161377
0.0735524
0.213772
0.125947
0.266166
0.178341
0.0905164
0.230736
0.142911
0.0550861
0.195305
0.10748
0.2477
0.159875
0.0720501
0.212269
0.124444
0.264664
0.176839
0.0890141
0.229233
0.141408
0.0535837
0.193803
0.105978
0.246197
0.158372
0.0705477
0.210767
-0.333146
-0.192926
-0.280751
-0.368576
-0.228357
-0.316182
-0.175962
-0.263787
-0.351612
-0.211393
-0.299218
-0.158998
-0.246823
-0.334648
-0.194429
-0.282254
-0.370078
-0.229859
-0.317684
-0.177465
-0.26529
-0.353114
-0.212895
-0.30072
-0.388545
-0.248326
-0.33615
-0.195931
-0.283756
-0.371581
-0.231362
-0.319186
-0.178967
-0.266792
-0.354617
-0.214397
-0.302222
-0.390047
-0.021784
0.118435
0.0306103
-0.0572144
0.0830047
-0.00482003
-0.0926448
0.0475743
-0.0402504
0.0999687
0.012144
-0.0756808
0.0645383
-0.0232864
-0.111111
0.029108
-0.0587167
0.0815023
-0.00632238
-0.0941471
0.046072
-0.0417527
0.0984664
0.0106416
-0.0771831
0.063036
-0.0247887
-0.112613
0.0276056
-0.0602191
0.08
-0.00782473
0.360438
0.272613
0.184789
0.325008
0.237183
0.377402
0.289577
0.201753
0.341972
0.254147
0.166322
0.306541
0.218717
0.358936
0.271111
0.183286
0.323505
0.235681
0.3759
0.288075
0.20025
0.340469
0.252645
-0.0632238
-0.151049
-0.238873
-0.0986541
-0.186479
-0.0462598
-0.134085
-0.221909
-0.0816901
-0.169515
-0.25734
-0.117121
-0.204945
-0.0647261
-0.152551
-0.240376
-0.100156
-0.187981
-0.0477621
-0.135587
-0.223412
-0.0831925
-0.171017
-0.258842
-0.118623
-0.206448
-0.0662285
-0.154053
-0.241878
-0.101659
-0.189484
-0.0492645
-0.137089
-0.224914
-0.0846948
-0.17252
-0.260344
-0.120125
-0.20795
-0.0677308
-0.155556
-0.471424
-0.559249
-0.647074
-0.506854
-0.594679
-0.682504
-0.542285
-0.63011
-0.48989
-0.577715
-0.66554
-0.525321
-0.613146
-0.472926
-0.560751
-0.648576
-0.508357
-0.596182
-0.684006
-0.543787
-0.631612
-0.491393
-0.579218
-0.667042
-0.526823
-0.614648
-0.702473
-0.562254
-0.650078
-0.509859
-0.597684
-0.685509
-0.317246
-0.40507
-0.492895
-0.352676
-0.440501
-0.300282
-0.388106
-0.475931
-0.335712
-0.423537
-0.511362
-0.371142
-0.458967
-0.318748
-0.406573
-0.494397
-0.354178
-0.442003
-0.301784
-0.389609
-0.477433
-0.337214
-0.425039
-0.512864
-0.372645
-0.460469
-0.32025
-0.408075
-0.4959
-0.355681
-0.443505
-0.53133
-0.391111
-0.0228482
-0.110673
-0.198498
-0.0582786
-0.146103
-0.233928
-0.0937089
-0.181534
-0.0413146
-0.129139
-0.216964
-0.0767449
-0.16457
-0.0243505
-0.112175
-0.2
-0.0597809
-0.147606
-0.23543
-0.0952113
-0.183036
-0.0428169
-0.130642
-0.218466
-0.0782473
-0.166072
-0.253897
-0.113678
-0.201502
-0.0612833
-0.149108
-0.236933
-0.0967136
-0.184538
-0.0443192
-0.132144
-0.448013
-0.535837
-0.623662
-0.483443
-0.571268
-0.659092
-0.518873
-0.606698
-0.466479
-0.554304
-0.642128
-0.501909
-0.589734
-0.677559
-0.53734
-0.625164
-0.484945
-0.57277
-0.660595
-0.520376
-0.6082
-0.467981
-0.555806
-0.643631
-0.503412
-0.591236
-0.907105
-0.99493
-1.08275
-0.942535
-1.03036
-0.890141
-0.977966
-1.06579
-0.925571
-1.0134
-1.10122
-0.961002
-1.04883
-0.908607
-0.996432
-1.08426
-0.944038
-1.03186
-0.891643
-0.979468
-1.06729
-0.927074
-1.0149
-1.10272
-0.962504
-1.05033
-0.91011
-0.997934
-1.08576
-0.94554
-1.03336
-0.893146
-0.98097
-1.06879
-0.928576
-1.0164
-1.10423
-0.964006
-0.823787
-0.683568
-0.771393
-0.631174
-0.718998
-0.806823
-0.666604
-0.754429
-0.61421
-0.702034
-0.789859
-0.64964
-0.737465
-0.82529
-0.68507
-0.772895
-0.632676
-0.720501
-0.808326
-0.668106
-0.755931
-0.843756
-0.703537
-0.791362
-0.651142
-0.738967
-0.826792
-0.686573
-0.774397
-0.634178
-0.722003
-0.809828
-0.441565
-0.52939
-0.389171
-0.476995
-0.336776
-0.424601
-0.512426
-0.372207
-0.460031
-0.547856
-0.407637
-0.495462
-0.355243
-0.443067
-0.530892
-0.390673
-0.478498
-0.566322
-0.426103
-0.285884
-0.145665
-0.23349
-0.321315
-0.181095
-0.26892
-0.356745
-0.216526
-0.304351
-0.164131
-0.251956
-0.339781
-0.199562
-0.287387
-0.375211
-0.234992
-0.322817
-0.182598
-0.270423
-0.358247
-0.218028
-0.305853
-0.165634
-0.253459
-0.341283
-0.201064
-0.288889
-0.376714
-0.236495
-0.324319
-0.1841
-0.271925
-0.35975
-0.219531
-0.307355
-0.39518
-0.254961
-0.798873
-0.658654
-0.746479
-0.60626
-0.694085
-0.781909
-0.64169
-0.729515
-0.589296
-0.677121
-0.764945
-0.624726
-0.712551
-0.800376
-0.660156
-0.747981
-0.607762
-0.695587
-0.783412
-0.643192
-0.731017
-0.818842
-0.678623
-0.766448
-0.626228
-0.714053
-0.801878
-0.661659
-0.749484
-0.609264
-0.697089
-0.784914
-0.416651
-0.504476
-0.5923
-0.452081
-0.539906
-0.627731
-0.487512
-0.575336
-0.435117
-0.522942
-0.610767
-0.470548
-0.558372
-0.418153
-0.505978
-0.593803
-0.453584
-0.541408
-0.629233
-0.489014
-0.576839
-0.43662
-0.524444
-0.612269
-0.47205
-0.559875
-0.6477
-0.50748
-0.595305
-0.455086
-0.542911
-0.630736
-0.490516
-0.350297
-0.210078
-0.297903
-0.157684
-0.245509
-0.333333
-0.193114
-0.280939
-0.14072
-0.228545
-0.316369
-0.17615
-0.263975
-0.3518
-0.211581
-0.299405
-0.159186
-0.247011
-0.334836
-0.194617
-0.282441
-0.370266
-0.230047
-0.317872
-0.177653
-0.265477
-0.353302
-0.213083
-0.300908
-0.160689
-0.248513
0.11975
0.0319249
-0.0558998
0.0843192
-0.00350548
0.136714
0.0488889
-0.0389358
0.101283
0.0134585
-0.0743662
0.0658529
-0.0219718
0.118247
0.0304225
-0.0574022
0.0828169
-0.00500782
-0.0928326
0.0473865
-0.0404382
0.0997809
0.0119562
-0.0758685
0.0643505
-0.0234742
0.116745
0.0289202
-0.0589045
0.0813146
-0.00651017
-0.0943349
0.0458842
-0.0419405
-0.357809
-0.445634
-0.305415
-0.393239
-0.481064
-0.340845
-0.42867
-0.516495
-0.376275
-0.4641
-0.323881
-0.411706
-0.499531
-0.359311
-0.447136
-0.306917
-0.394742
-0.482567
-0.342347
-0.430172
-0.517997
-0.377778
-0.465603
-0.325383
-0.413208
-0.501033
-0.360814
-0.448638
-0.536463
-0.396244
-0.484069
-0.34385
-0.431674
-0.519499
-0.37928
-0.467105
-0.326886
-0.41471
-0.0464476
-0.134272
-0.222097
-0.0818779
-0.169703
-0.0294836
-0.117308
-0.205133
-0.0649139
-0.152739
-0.240563
-0.100344
-0.188169
-0.0479499
-0.135775
-0.223599
-0.0833803
-0.171205
-0.25903
-0.118811
-0.206635
-0.0664163
-0.154241
-0.242066
-0.101847
-0.189671
-0.0494523
-0.137277
-0.225102
-0.0848826
-0.172707
-0.260532
0.107731
0.24795
0.160125
0.0723005
0.21252
0.124695
0.0368701
0.177089
0.317308
0.229484
0.369703
0.281878
0.422097
0.334272
0.246448
0.386667
0.298842
0.439061
0.351236
0.263412
0.403631
0.315806
0.227981
0.3682
0.280376
0.420595
0.33277
0.244945
0.385164
0.29734
0.209515
0.349734
0.261909
0.402128
0.314304
-0.00156495
-0.0893897
-0.177214
-0.0369953
-0.12482
0.0153991
-0.0724257
-0.16025
-0.0200313
-0.107856
-0.195681
-0.0554617
-0.143286
-0.00306729
-0.090892
-0.178717
-0.0384977
-0.126322
-0.214147
-0.073928
-0.161753
-0.0215336
-0.109358
-0.197183
-0.056964
-0.144789
-0.00456964
-0.0923944
-0.180219
-0.04
-0.127825
-0.215649
0.152613
0.0647887
-0.023036
0.117183
0.0293584
0.169577
0.0817527
-0.00607199
0.134147
0.0463224
0.186541
0.0987167
0.010892
0.151111
0.0632864
-0.0245383
0.115681
0.027856
0.168075
0.0802504
-0.00757433
0.132645
0.04482
-0.0430047
0.0972144
0.00938967
0.149609
0.061784
-0.0260407
0.114178
0.0263537
0.166573
0.078748
0.447011
0.359186
0.271362
0.411581
0.323756
0.463975
0.37615
0.288326
0.428545
0.34072
0.252895
0.393114
0.30529
0.445509
0.357684
0.269859
0.410078
0.322254
0.234429
0.374648
0.286823
0.427042
0.339218
0.251393
0.391612
0.303787
0.444006
0.356182
0.268357
0.408576
0.320751
0.232926
0.373146
0.285321
0.42554
0.337715
0.0218466
-0.0659781
-0.153803
-0.0135837
-0.101408
-0.189233
-0.0490141
-0.136839
0.00338028
-0.0844444
-0.172269
-0.0320501
-0.119875
0.0203443
-0.0674804
-0.155305
-0.0150861
-0.102911
-0.190736
-0.0505164
-0.138341
0.00187793
-0.0859468
-0.173772
-0.0335524
-0.121377
-0.437246
-0.52507
-0.612895
-0.472676
-0.560501
-0.420282
-0.508106
-0.595931
-0.455712
-0.543537
-0.403318
-0.491142
-0.578967
-0.438748
-0.526573
-0.614397
-0.474178
-0.562003
-0.421784
-0.509609
-0.597433
-0.457214
-0.545039
-0.40482
-0.492645
-0.580469
-0.44025
-0.528075
-0.6159
-0.475681
-0.563505
-0.423286
-0.511111
-0.598936
-0.458717
-0.546541
-0.634366
-0.494147
-0.125884
-0.213709
-0.301534
-0.161315
-0.249139
-0.336964
-0.196745
-0.28457
-0.144351
-0.232175
-0.32
-0.179781
-0.267606
-0.127387
-0.215211
-0.303036
-0.162817
-0.250642
-0.338466
-0.198247
-0.286072
-0.145853
-0.233678
-0.321502
-0.181283
-0.269108
-0.356933
-0.216714
-0.304538
-0.164319
-0.252144
-0.339969
0.0282942
-0.0595305
0.0806886
-0.00713615
0.133083
0.0452582
-0.0425665
0.0976526
0.00982786
-0.0779969
0.0622222
-0.0256025
0.114617
0.0267919
-0.0610329
0.0791862
-0.0086385
0.131581
0.0437559
-0.0440689
0.0961502
0.00832551
-0.0794992
0.0607199
-0.0271049
0.113114
0.0252895
-0.0625352
0.0776839
-0.0101408
0.130078
0.0422535
-0.0455712
0.0946479
0.00682316
-0.0810016
0.0592175
-0.0286072
0.111612
0.0237872
-0.0640376
0.0761815
-0.0116432
-0.0994679
0.0407512
-0.0470736
0.0931455
0.00532081
-0.0825039
0.0577152
-0.0301095
0.11011
0.0222848
-0.0655399
0.0746792
-0.0131455
-0.10097
0.0392488
-0.0485759
0.0916432
0.00381847
-0.0840063
0.0562128
-0.0316119
-0.34748
-0.435305
-0.52313
-0.382911
-0.470736
-0.330516
-0.418341
-0.506166
-0.365947
-0.453772
-0.313552
-0.401377
-0.489202
-0.348983
-0.436808
-0.524632
-0.384413
-0.472238
-0.332019
-0.419844
-0.507668
-0.367449
-0.455274
-0.543099
-0.402879
-0.490704
-0.350485
-0.43831
-0.526135
-0.385915
-0.47374
-0.333521
-0.193302
-0.281127
-0.140908
-0.228732
-0.316557
-0.176338
-0.264163
-0.351987
-0.211768
-0.299593
-0.159374
-0.247199
-0.335023
-0.194804
-0.282629
-0.14241
-0.230235
-0.318059
-0.17784
-0.265665
-0.35349
-0.213271
-0.301095
-0.160876
-0.248701
-0.336526
-0.196307
-0.284131
-0.371956
-0.231737
-0.319562
-0.179343
-0.267167
0.101095
0.0132707
-0.074554
0.0656651
-0.0221596
0.118059
0.0302347
-0.05759
0.0826291
-0.00519562
0.135023
0.0471987
-0.040626
0.0995931
0.0117684
-0.0760563
0.0641628
-0.023662
0.116557
0.0287324
-0.0590923
0.0811268
-0.00669797
-0.0945227
0.0456964
-0.0421283
0.0980908
0.010266
-0.0775587
0.0626604
-0.0251643
0.343099
0.255274
0.395493
0.307668
0.219844
0.360063
0.272238
0.412457
0.324632
0.236808
0.377027
0.289202
0.201377
0.341596
0.253772
0.393991
0.306166
0.218341
0.35856
0.270736
0.182911
0.32313
0.235305
0.375524
0.2877
0.199875
0.340094
0.252269
0.392488
0.304664
0.216839
0.357058
0.269233
0.181408
-0.13446
-0.222285
-0.0820657
-0.16989
-0.0296714
-0.117496
-0.205321
-0.0651017
-0.152926
-0.240751
-0.100532
-0.188357
-0.0481377
-0.135962
-0.223787
-0.0835681
-0.171393
-0.0311737
-0.118998
-0.206823
-0.0666041
-0.154429
-0.242254
-0.102034
-0.189859
-0.0496401
-0.137465
-0.22529
-0.0850704
-0.172895
-0.26072
-0.120501
-0.208326
-0.0681064
-0.155931
-0.243756
-0.103537
-0.191362
0.176901
0.0890767
0.229296
0.141471
0.0536463
0.193865
0.106041
0.24626
0.158435
0.0706103
0.210829
0.123005
0.03518
0.175399
0.0875743
0.227793
0.139969
0.052144
0.192363
0.104538
0.0167136
0.156933
0.069108
0.209327
0.121502
0.0336776
0.173897
0.086072
0.226291
0.138466
0.0506416
0.190861
0.33108
0.471299
0.383474
0.523693
0.435869
0.348044
0.488263
0.400438
0.312613
0.452833
0.365008
0.505227
0.417402
0.329577
0.469797
0.381972
0.294147
0.434366
0.346541
0.486761
0.398936
0.311111
0.45133
0.135462
0.0476369
-0.0401878
0.100031
0.0122066
-0.0756182
0.0646009
-0.0232238
-0.111049
0.0291706
-0.0586541
0.0815649
-0.00625978
-0.0940845
0.0461346
-0.0416901
-0.129515
0.0107042
-0.0771205
0.0630986
-0.0247261
-0.112551
0.0276682
-0.0601565
0.0800626
-0.00776213
-0.0955869
0.0446322
-0.0431925
-0.131017
0.00920188
-0.0786228
0.0615962
-0.0262285
-0.114053
0.0261659
-0.0616588
0.0785603
-0.00926448
-0.0970892
0.0431299
-0.500782
-0.360563
-0.448388
-0.536213
-0.395994
-0.483818
-0.343599
-0.431424
-0.519249
-0.37903
-0.466854
-0.554679
-0.41446
-0.502285
-0.362066
-0.44989
-0.537715
-0.397496
-0.485321
-0.345102
-0.432926
-0.520751
-0.380532
-0.468357
-0.556182
-0.415962
-0.503787
-0.363568
-0.451393
-0.539218
-0.398998
-0.486823
-0.346604
-0.206385
-0.29421
-0.153991
-0.241815
-0.32964
-0.189421
-0.277246
-0.36507
-0.224851
-0.312676
-0.172457
-0.260282
-0.348106
-0.207887
-0.295712
-0.383537
-0.243318
-0.331142
-0.190923
-0.278748
-0.366573
-0.226354
-0.314178
-0.173959
-0.261784
-0.349609
-0.20939
-0.297214
-0.385039
-0.24482
-0.332645
-0.192426
-0.0522066
0.0880125
0.000187793
-0.0876369
0.0525822
-0.0352426
0.104977
0.0171518
-0.0706729
0.0695462
-0.0182786
-0.106103
0.0341158
-0.0537089
0.0865102
-0.00131455
-0.0891393
0.0510798
-0.0367449
0.103474
0.0156495
-0.0721753
0.0680438
-0.0197809
-0.107606
0.0326135
-0.0552113
0.0850078
-0.0028169
-0.0906416
0.0495775
-0.0382473
-0.126072
0.0141471
-0.0736776
0.0665415
-0.477371
-0.337152
-0.424977
-0.512801
-0.372582
-0.460407
-0.320188
-0.408013
-0.495837
-0.355618
-0.443443
-0.531268
-0.391049
-0.478873
-0.338654
-0.426479
-0.514304
-0.374085
-0.461909
-0.549734
-0.409515
-0.49734
-0.357121
-0.444945
-0.53277
-0.392551
-0.936463
-0.796244
-0.884069
-0.74385
-0.831674
-0.919499
-0.77928
-0.867105
-0.95493
-0.81471
-0.902535
-0.762316
-0.850141
-0.937966
-0.797746
-0.885571
-0.973396
-0.833177
-0.921002
-0.780782
-0.868607
-0.956432
-0.816213
-0.904038
-0.763818
-0.851643
-0.939468
-0.799249
-0.887074
-0.974898
-0.834679
-0.922504
-0.782285
-0.87011
-0.957934
-0.817715
-0.90554
-0.765321
-0.625102
-0.484883
-0.572707
-0.660532
-0.520313
-0.608138
-0.695962
-0.555743
-0.643568
-0.503349
-0.591174
-0.678998
-0.538779
-0.626604
-0.486385
-0.57421
-0.662034
-0.521815
-0.60964
-0.697465
-0.557246
-0.64507
-0.504851
-0.592676
-0.680501
-0.540282
-0.628106
-0.487887
-0.575712
-0.663537
-0.523318
-0.611142
-0.242879
-0.330704
-0.418529
-0.27831
-0.366135
-0.225915
-0.31374
-0.401565
-0.261346
-0.349171
-0.208951
-0.296776
-0.384601
-0.244382
-0.332207
-0.420031
-0.279812
-0.367637
-0.227418
-0.315243
-0.403067
-0.262848
-0.350673
-0.438498
-0.298279
-0.386103
-0.245884
-0.333709
-0.421534
-0.281315
-0.369139
-0.22892
-0.316745
-0.40457
-0.264351
-0.352175
-0.44
-0.299781
-0.387606
-0.247387
-0.335211
-0.423036
-0.282817
-0.370642
-0.230423
-0.318247
-0.406072
-0.265853
-0.353678
-0.441502
-0.301283
-0.389108
-0.248889
-0.336714
-0.424538
-0.284319
-0.372144
-0.459969
-0.31975
-0.407574
-0.267355
-0.35518
-0.443005
-0.302786
-0.846698
-0.706479
-0.794304
-0.654085
-0.741909
-0.829734
-0.689515
-0.77734
-0.865164
-0.724945
-0.81277
-0.672551
-0.760376
-0.8482
-0.707981
-0.795806
-0.883631
-0.743412
-0.831236
-0.691017
-0.778842
-0.866667
-0.726448
-0.814272
-0.674053
-0.761878
-0.849703
-0.709484
-0.797308
-0.885133
-0.744914
-0.832739
-0.69252
-0.5523
-0.640125
-0.499906
-0.587731
-0.675556
-0.535336
-0.623161
-0.482942
-0.570767
-0.658592
-0.518372
-0.606197
-0.694022
-0.553803
-0.641628
-0.501408
-0.589233
-0.677058
-0.536839
-0.624664
-0.712488
-0.572269
-0.660094
-0.519875
-0.6077
-0.695524
-0.555305
-0.64313
-0.502911
-0.590736
-0.67856
-0.538341
-0.398122
-0.257903
-0.345728
-0.205509
-0.293333
-0.381158
-0.240939
-0.328764
-0.416588
-0.276369
-0.364194
-0.223975
-0.3118
-0.399624
-0.259405
-0.34723
-0.435055
-0.294836
-0.38266
-0.242441
-0.330266
-0.418091
-0.277872
-0.365696
-0.225477
-0.313302
-0.401127
-0.260908
-0.348732
-0.436557
-0.0682942
-0.156119
-0.0158998
-0.103725
0.0364945
-0.0513302
-0.139155
0.00106416
-0.0867606
0.0534585
-0.0343662
-0.122191
0.0180282
-0.0697966
-0.157621
-0.0174022
-0.105227
0.0349922
-0.0528326
-0.140657
-0.000438185
-0.0882629
0.0519562
-0.0358685
-0.123693
0.0165258
-0.0712989
-0.159124
-0.0189045
-0.106729
0.0334898
-0.0543349
-0.14216
-0.00194053
-0.0897653
-0.405634
-0.493459
-0.581283
-0.441064
-0.528889
-0.38867
-0.476495
-0.564319
-0.4241
-0.511925
-0.371706
-0.459531
-0.547355
-0.407136
-0.494961
-0.582786
-0.442567
-0.530391
-0.390172
-0.477997
-0.565822
-0.425603
-0.513427
-0.601252
-0.461033
-0.548858
-0.408638
-0.496463
-0.584288
-0.444069
-0.531894
-0.391674
-0.479499
-0.567324
-0.427105
-0.51493
-0.602754
-0.462535
-0.0942723
-0.182097
-0.269922
-0.129703
-0.217527
-0.305352
-0.165133
-0.252958
-0.112739
-0.200563
-0.288388
-0.148169
-0.235994
-0.323818
-0.183599
-0.271424
-0.131205
-0.21903
-0.306854
-0.166635
-0.25446
-0.114241
-0.202066
-0.28989
-0.149671
-0.237496
-0.325321
-0.185102
-0.272926
-0.132707
-0.220532
-0.308357
0.0599061
-0.0279186
0.1123
0.0244757
0.164695
0.0768701
-0.0109546
0.129264
0.0414397
-0.046385
0.0938341
0.00600939
0.146228
0.0584038
-0.029421
0.110798
0.0229734
0.163192
0.0753678
-0.012457
0.127762
0.0399374
-0.0478873
0.0923318
0.00450704
0.144726
0.0569014
-0.0309233
0.109296
0.021471
-0.0663537
0.0738654
-0.0139593
0.12626
0.0384351
-0.0493897
0.0908294
0.00300469
0.143224
0.0553991
-0.0324257
0.107793
0.0199687
-0.067856
0.0723631
-0.0154617
0.124757
0.0369327
-0.050892
0.0893271
0.00150235
-0.0863224
0.0538967
-0.033928
0.106291
0.0184664
-0.0693584
0.0708607
-0.016964
0.123255
0.0354304
-0.0523944
0.0878247
1.98924e-13
0
0
0
0
0
0
0
0
0
0
0
0
0
0
0
0
0
0
0
0
0
0
0
0
0
0
0
0
0
0
0
0
0
0
0
0
0
0
0
0
0
0
0
0
0
0
0
0
0
0
0
0
0
0
0
0
0
0
0
0
0
0
0
0
0
0
0
0
0
0
0
0
0
0
0
0
0
0
0
0
0
0
0
0
0
0
0
0
0
0
0
0
0
0
0
0
0
0
0
0
0
0
0
0
0
0
0
0
0
0
0
0
0
0
0
0
0
0
0
0
0
0
0
0
0
0
0
0
0
0
0
0
0
0
0
0
0
0
0
0
0
0
0
0
0
0
0
0
0
0
0
0
0
0
0
0
0
0
0
0
0
0
0
0
0
0
0
0
0
0
0
0
0
0
0
0
0
0
0
0
0
0
0
0
0
0
0
0
0
0
0
0
0
0
0
0
0
0
0
0
0
0
0
0
0
0
0
0
0
0
0
0
0
0
0
0
0
0
0
0
0
0
0
0
